6.358875543810427189e-04 8.258470916189253330e-04
6.276136264204978943e-04 8.682677871547639370e-04
6.249004509299993515e-04 9.136269218288362026e-04
6.037679268047213554e-04 9.701552335172891617e-04
6.565019139088690281e-04 8.637480787001550198e-04
5.769968265667557716e-04 9.047152125276625156e-04
6.687119603157043457e-04 8.672325639054179192e-04
6.117220036685466766e-04 9.015214163810014725e-04
5.992390797473490238e-04 9.096367284655570984e-04
5.914627108722925186e-04 8.669428061693906784e-04
5.907708546146750450e-04 8.553536608815193176e-04
5.980927962809801102e-04 8.479378302581608295e-04
5.980761488899588585e-04 8.720753248780965805e-04
5.762248183600604534e-04 8.819394861347973347e-04
5.865974817425012589e-04 8.901935070753097534e-04
5.806974368169903755e-04 8.757580071687698364e-04
5.909432657063007355e-04 8.424060069955885410e-04
5.872991750948131084e-04 8.499923278577625751e-04
5.870908498764038086e-04 8.671078830957412720e-04
5.741207278333604336e-04 9.000730933621525764e-04
5.946198944002389908e-04 8.623767644166946411e-04
5.731146084144711494e-04 8.561802678741514683e-04
5.919546238146722317e-04 8.520610281266272068e-04
5.808685091324150562e-04 8.803111268207430840e-04
5.794728058390319347e-04 8.846933487802743912e-04
5.751564749516546726e-04 8.646252681501209736e-04
5.732124554924666882e-04 8.554772357456386089e-04
5.773729644715785980e-04 8.553282241337001324e-04
5.799189675599336624e-04 8.579003042541444302e-04
5.737204919569194317e-04 8.623061003163456917e-04
5.706986994482576847e-04 8.693136624060571194e-04
5.697396700270473957e-04 8.649596129544079304e-04
5.748911644332110882e-04 8.500618860125541687e-04
5.764520028606057167e-04 8.505591540597379208e-04
5.759763880632817745e-04 8.641260210424661636e-04
5.720389308407902718e-04 8.771707070991396904e-04
5.784248351119458675e-04 8.628945797681808472e-04
5.729745607823133469e-04 8.512685890309512615e-04
5.758805782534182072e-04 8.536836830899119377e-04
5.752299330197274685e-04 8.648093789815902710e-04
5.744298105128109455e-04 8.656496647745370865e-04
5.709890974685549736e-04 8.596481056883931160e-04
5.704337381757795811e-04 8.562905713915824890e-04
5.732318386435508728e-04 8.553049992769956589e-04
5.749962292611598969e-04 8.563431329093873501e-04
5.732183926738798618e-04 8.602103916928172112e-04
5.711361882276833057e-04 8.649720693938434124e-04
5.714085418730974197e-04 8.628817740827798843e-04
5.730079137720167637e-04 8.568261982873082161e-04
5.738607142120599747e-04 8.567397017031908035e-04
5.734271253459155560e-04 8.629119838587939739e-04
5.720591288991272449e-04 8.663106709718704224e-04
5.724387592636048794e-04 8.600356522947549820e-04
5.717496969737112522e-04 8.553687948733568192e-04
5.731975543312728405e-04 8.565628086216747761e-04
5.735586746595799923e-04 8.604644681327044964e-04
5.727270618081092834e-04 8.613655809313058853e-04
5.712755373679101467e-04 8.605381008237600327e-04
5.713651771657168865e-04 8.598443819209933281e-04
5.727427196688950062e-04 8.586568292230367661e-04
5.733178695663809776e-04 8.582983864471316338e-04
5.725856753997504711e-04 8.605211623944342136e-04
5.716651794500648975e-04 8.623962057754397392e-04
5.719562177546322346e-04 8.602562593296170235e-04
5.723647191189229488e-04 8.571217185817658901e-04
5.728054093196988106e-04 8.575658430345356464e-04
5.725672235712409019e-04 8.607513154856860638e-04
5.719964974559843540e-04 8.616478298790752888e-04
5.717414896935224533e-04 8.594068931415677071e-04
5.719010950997471809e-04 8.580217836424708366e-04
5.726251401938498020e-04 8.589188801124691963e-04
5.728611722588539124e-04 8.600488654337823391e-04
5.724108195863664150e-04 8.602582965977489948e-04
5.718497559428215027e-04 8.601825684309005737e-04
5.719871260225772858e-04 8.596378611400723457e-04
5.725241499021649361e-04 8.585538016632199287e-04
5.726423114538192749e-04 8.584283641539514065e-04
5.722881178371608257e-04 8.597706910222768784e-04
5.719710025005042553e-04 8.604417089372873306e-04
5.720887565985321999e-04 8.592069498263299465e-04
5.722867208532989025e-04 8.580380235798656940e-04
5.725069786421954632e-04 8.588609052821993828e-04
5.724089569412171841e-04 8.602959569543600082e-04
5.721840425394475460e-04 8.603262249380350113e-04
5.719824112020432949e-04 8.594098035246133804e-04
5.721019115298986435e-04 8.590455399826169014e-04
5.724095390178263187e-04 8.592429803684353828e-04
5.724583752453327179e-04 8.594151586294174194e-04
5.722069181501865387e-04 8.595802937634289265e-04
5.720295594073832035e-04 8.597218547947704792e-04
5.721622146666049957e-04 8.593555539846420288e-04
5.723644280806183815e-04 8.589271456003189087e-04
5.723902722820639610e-04 8.592416997998952866e-04
5.722566857002675533e-04 8.600037544965744019e-04
5.721686757169663906e-04 8.600538130849599838e-04
5.722034838981926441e-04 8.593410602770745754e-04
5.723062786273658276e-04 8.589730714447796345e-04
5.723860813304781914e-04 8.593770908191800117e-04
5.723351496271789074e-04 8.597293053753674030e-04
5.722060450352728367e-04 8.595741237513720989e-04
5.721244378946721554e-04 8.593067177571356297e-04
5.722116911783814430e-04 8.592388476245105267e-04
5.723281647078692913e-04 8.592735975980758667e-04
5.723077920265495777e-04 8.593886741437017918e-04
5.721873603761196136e-04 8.595890249125659466e-04
5.721584893763065338e-04 8.595757535658776760e-04
5.722317146137356758e-04 8.593269740231335163e-04
5.723012727685272694e-04 8.591606165282428265e-04
5.722967325709760189e-04 8.593990351073443890e-04
5.722362548112869263e-04 8.596386760473251343e-04
5.721964407712221146e-04 8.594867540523409843e-04
5.721983034163713455e-04 8.592135854996740818e-04
5.722478963434696198e-04 8.591816877014935017e-04
5.722920759581029415e-04 8.593808161094784737e-04
5.722682690247893333e-04 8.594507817178964615e-04
5.722063360735774040e-04 8.594172541052103043e-04
5.721975467167794704e-04 8.593800012022256851e-04
5.722441128455102444e-04 8.593361126258969307e-04
5.722766509279608727e-04 8.593286620453000069e-04
5.722503410652279854e-04 8.594018872827291489e-04
5.722025525756180286e-04 8.594631799496710300e-04
5.721959169022738934e-04 8.593961247242987156e-04
5.722333444282412529e-04 8.592437952756881714e-04
5.722581990994513035e-04 8.592098602093756199e-04
5.722363130189478397e-04 8.593493257649242878e-04
5.722147179767489433e-04 8.594371029175817966e-04
5.722097121179103851e-04 8.593506063334643841e-04
5.722086643800139427e-04 8.592491503804922104e-04
5.722346249967813492e-04 8.593029924668371677e-04
5.722533678635954857e-04 8.593663224019110203e-04
5.722339847125113010e-04 8.593551465310156345e-04
5.721952184103429317e-04 8.593443781137466431e-04
5.722120986320078373e-04 8.593120728619396687e-04
5.722353816963732243e-04 8.592686499468982220e-04
5.722395726479589939e-04 8.592574740760028362e-04
5.722236237488687038e-04 8.593112579546868801e-04
5.722081987187266350e-04 8.593414677307009697e-04
5.722123896703124046e-04 8.592831436544656754e-04
5.722229834645986557e-04 8.592131780460476875e-04
5.722191417589783669e-04 8.593071252107620239e-04
5.722234491258859634e-04 8.593195234425365925e-04
5.722199566662311554e-04 8.592761005274951458e-04
5.722049972973763943e-04 8.592471131123602390e-04
5.722111091017723083e-04 8.592653321102261543e-04
5.722208297811448574e-04 8.592959493398666382e-04
5.722168134525418282e-04 8.592512458562850952e-04
5.722096539102494717e-04 8.592425729148089886e-04
5.722054047510027885e-04 8.592649246565997601e-04
5.722105270251631737e-04 8.592450176365673542e-04
5.722162895835936069e-04 8.592210360802710056e-04
5.722078494727611542e-04 8.592313970439136028e-04
5.721959169022738934e-04 8.592665544711053371e-04
5.722005735151469707e-04 8.592309895902872086e-04
5.722073838114738464e-04 8.592036319896578789e-04
5.721913767047226429e-04 8.592185331508517265e-04
5.722037749364972115e-04 8.592516533099114895e-04
5.722069181501865387e-04 8.592450176365673542e-04
5.721969064325094223e-04 8.592011872678995132e-04
5.721982452087104321e-04 8.592102676630020142e-04
5.722001078538596630e-04 8.591783698648214340e-04
5.722058704122900963e-04 8.591920486651360989e-04
5.721936468034982681e-04 8.591924561187624931e-04
5.721964989788830280e-04 8.591994992457330227e-04
5.721974885091185570e-04 8.591812802478671074e-04
5.722004570998251438e-04 8.591788355261087418e-04
5.721973138861358166e-04 8.591932710260152817e-04
5.721897468902170658e-04 8.592118974775075912e-04
5.721922498196363449e-04 8.591862861067056656e-04
5.721898633055388927e-04 8.591606165282428265e-04
5.721948109567165375e-04 8.591659716330468655e-04
5.721970810554921627e-04 8.591841906309127808e-04
5.721963243559002876e-04 8.591953665018081665e-04
5.721866036765277386e-04 8.591485675424337387e-04
5.721910274587571621e-04 8.591581135988235474e-04
5.721912020817399025e-04 8.591696969233453274e-04
5.721945781260728836e-04 8.591577061451971531e-04
5.721884081140160561e-04 8.591676596552133560e-04
5.721804918721318245e-04 8.591543883085250854e-04
5.721777561120688915e-04 8.591514779254794121e-04
5.721889319829642773e-04 8.591432124376296997e-04
5.721849738620221615e-04 8.591183577664196491e-04
5.721747293137013912e-04 8.591373916715383530e-04
5.721765337511897087e-04 8.591423975303769112e-04
5.721857305616140366e-04 8.590898360125720501e-04
5.721815978176891804e-04 8.590873330831527710e-04
5.721780471503734589e-04 8.591332589276134968e-04
5.721733905375003815e-04 8.591453079134225845e-04
5.721761262975633144e-04 8.590922807343304157e-04
5.721755442209541798e-04 8.590728393755853176e-04
5.721831694245338440e-04 8.591130026616156101e-04
5.721764173358678818e-04 8.591279038228094578e-04
5.721592460758984089e-04 8.591113146394491196e-04
5.721748457290232182e-04 8.590612560510635376e-04
5.721828201785683632e-04 8.590550278313457966e-04
5.721767083741724491e-04 8.590777870267629623e-04
5.721636698581278324e-04 8.590997313149273396e-04
5.721615743823349476e-04 8.590806974098086357e-04
5.721583729609847069e-04 8.590525831095874310e-04
5.721632041968405247e-04 8.590359939262270927e-04
5.721710622310638428e-04 8.590596262365579605e-04
5.721708294004201889e-04 8.590745273977518082e-04
5.721517954953014851e-04 8.590687066316604614e-04
5.721591878682374954e-04 8.590529905632138252e-04
5.721677443943917751e-04 8.590422221459448338e-04
5.721725174225866795e-04 8.590355864726006985e-04
5.721604102291166782e-04 8.590500801801681519e-04
5.721462075598537922e-04 8.590355864726006985e-04
5.721497582271695137e-04 8.590298239141702652e-04
5.721600027754902840e-04 8.590219076722860336e-04
5.721530760638415813e-04 8.590430370531976223e-04
5.721492343582212925e-04 8.590513025410473347e-04
5.721471388824284077e-04 8.590513025410473347e-04
5.721456836909055710e-04 8.590306388214230537e-04
5.721506313420832157e-04 8.589784847572445869e-04
5.721541238017380238e-04 8.589975186623632908e-04
5.721541238017380238e-04 8.590364013798534870e-04
5.721420748159289360e-04 8.589995559304952621e-04
5.721483612433075905e-04 8.589697536081075668e-04
5.721466732211410999e-04 8.590004290454089642e-04
5.721520865336060524e-04 8.590086945332586765e-04
5.721250199712812901e-04 8.590265060774981976e-04
5.721330526284873486e-04 8.589937933720648289e-04
5.721409106627106667e-04 8.589594508521258831e-04
5.721545894630253315e-04 8.589304634369909763e-04
5.721469642594456673e-04 8.589855278842151165e-04
5.721328780055046082e-04 8.589925710111856461e-04
5.721382331103086472e-04 8.589230128563940525e-04
5.721286870539188385e-04 8.589205099269747734e-04
5.721327033825218678e-04 8.589553181082010269e-04
5.721294437535107136e-04 8.589635835960507393e-04
5.721166380681097507e-04 8.589681237936019897e-04
5.721234483644366264e-04 8.589234203100204468e-04
5.721315392293035984e-04 8.589412318542599678e-04
5.721480702050030231e-04 8.589192875660955906e-04
5.721381166949868202e-04 8.589234203100204468e-04
5.721120978705585003e-04 8.589453645981848240e-04
5.721140187233686447e-04 8.589300559833645821e-04
5.721303750760853291e-04 8.588555501773953438e-04
5.721324705518782139e-04 8.588877972215414047e-04
5.721235065720975399e-04 8.589602657593786716e-04
5.721063353121280670e-04 8.589354110881686211e-04
5.721163470298051834e-04 8.588630007579922676e-04
5.721297929994761944e-04 8.588691707700490952e-04
5.721288616769015789e-04 8.589134668000042439e-04
5.721084889955818653e-04 8.589134668000042439e-04
5.721017951145768166e-04 8.588886703364551067e-04
5.721072666347026825e-04 8.588625933043658733e-04
5.721207126043736935e-04 8.588638156652450562e-04
5.721200723201036453e-04 8.588675409555435181e-04
5.721113993786275387e-04 8.588758064433932304e-04
5.720927729271352291e-04 8.588708587922155857e-04
5.721008055843412876e-04 8.588195196352899075e-04
5.721151246689260006e-04 8.587992633692920208e-04
5.721073248423635960e-04 8.588414639234542847e-04
5.720956251025199890e-04 8.588981581851840019e-04
5.720862536691129208e-04 8.588510099798440933e-04
5.720942281186580658e-04 8.588091586716473103e-04
5.721041816286742687e-04 8.588025812059640884e-04
5.721083143725991249e-04 8.588501368649303913e-04
5.721039487980306149e-04 8.588377386331558228e-04
5.720876506529748440e-04 8.588244672864675522e-04
5.720930639654397964e-04 8.587914053350687027e-04
5.721019115298986435e-04 8.587963529862463474e-04
5.721084889955818653e-04 8.587826741859316826e-04
5.720875924453139305e-04 8.588100317865610123e-04
5.720859044231474400e-04 8.588095661252737045e-04
5.720881745219230652e-04 8.587760385125875473e-04
5.720913177356123924e-04 8.587839547544717789e-04
5.720919580198824406e-04 8.587777265347540379e-04
5.720895715057849884e-04 8.587967604398727417e-04
5.720697226934134960e-04 8.588008931837975979e-04
5.720716435462236404e-04 8.587516495026648045e-04
5.720824119634926319e-04 8.587284828536212444e-04
5.720877088606357574e-04 8.587524644099175930e-04
5.720799672417342663e-04 8.587719057686626911e-04
5.720679764635860920e-04 8.587777265347540379e-04
5.720711196772754192e-04 8.587214397266507149e-04
5.720849148929119110e-04 8.587131742388010025e-04
5.720846238546073437e-04 8.587471093051135540e-04
5.720692570321261883e-04 8.587648626416921616e-04
5.720600602217018604e-04 8.587322081439197063e-04
5.720709450542926788e-04 8.587143965996801853e-04
5.720749031752347946e-04 8.586990879848599434e-04
5.720835179090499878e-04 8.587024058215320110e-04
5.720653571188449860e-04 8.587247575633227825e-04
5.720618646591901779e-04 8.587098564021289349e-04
5.720706540159881115e-04 8.586953626945614815e-04
5.720640765503048897e-04 8.586824988014996052e-04
5.720697226934134960e-04 8.587019983679056168e-04
5.720632034353911877e-04 8.587036281824111938e-04
5.720580811612308025e-04 8.586763287894427776e-04
5.720586632378399372e-04 8.586634648963809013e-04
5.720606422983109951e-04 8.586514741182327271e-04
5.720559274777770042e-04 8.586895419284701347e-04
5.720467306673526764e-04 8.586808689869940281e-04
5.720500485040247440e-04 8.586353505961596966e-04
5.720568005926907063e-04 8.586138137616217136e-04
5.720536573790013790e-04 8.586448384448885918e-04
5.720540648326277733e-04 8.586675976403057575e-04
5.720406188629567623e-04 8.586560143157839775e-04
5.720440531149506569e-04 8.586336625739932060e-04
5.720495828427374363e-04 8.586059557273983955e-04
5.720583721995353699e-04 8.585989126004278660e-04
5.720411427319049835e-04 8.586386684328317642e-04
5.720398039557039738e-04 8.586241747252643108e-04
5.720300832763314247e-04 8.586005424149334431e-04
5.720468470826745033e-04 8.585906471125781536e-04
5.720461485907435417e-04 8.585865143686532974e-04
5.720448680222034454e-04 8.586001349613070488e-04
5.720324697904288769e-04 8.586059557273983955e-04
5.720305489376187325e-04 8.585823234170675278e-04
5.720300250686705112e-04 8.585728355683386326e-04
5.720369517803192139e-04 8.585612522438168526e-04
5.720346234738826752e-04 8.585997275076806545e-04
5.720294429920613766e-04 8.585840114392340183e-04
5.720232147723436356e-04 8.585571194998919964e-04
5.720234476029872894e-04 8.585525210946798325e-04
5.720352637581527233e-04 8.585467585362493992e-04
5.720229819416999817e-04 8.585620671510696411e-04
5.720177432522177696e-04 8.585550240240991116e-04
5.720125045627355576e-04 8.585338946431875229e-04
5.720175686292350292e-04 8.585169562138617039e-04
5.720199551433324814e-04 8.585214964114129543e-04
5.720215849578380585e-04 8.585057803429663181e-04
5.720201879739761353e-04 8.585214964114129543e-04
5.720116896554827690e-04 8.585483883507549763e-04
5.720141343772411346e-04 8.584614843130111694e-04
5.720150074921548367e-04 8.584826136939227581e-04
5.720062763430178165e-04 8.585376199334859848e-04
5.719907348975539207e-04 8.585057803429663181e-04
5.719989421777427197e-04 8.584465831518173218e-04
5.720062763430178165e-04 8.584618917666375637e-04
5.720134358853101730e-04 8.584991446696221828e-04
5.720055196434259415e-04 8.584610768593847752e-04
5.719852051697671413e-04 8.584714378230273724e-04
5.719915498048067093e-04 8.584722527302801609e-04
5.719948676414787769e-04 8.584279567003250122e-04
5.720006301999092102e-04 8.584473980590701103e-04
5.719834589399397373e-04 8.584826136939227581e-04
5.719851469621062279e-04 8.584494935348629951e-04
5.719945766031742096e-04 8.583662565797567368e-04
5.719951586797833443e-04 8.584254537709057331e-04
5.719842738471925259e-04 8.584668394178152084e-04
5.719683249481022358e-04 8.584238239564001560e-04
5.719769396819174290e-04 8.583969320170581341e-04
5.719801411032676697e-04 8.584047900512814522e-04
5.719836335629224777e-04 8.583774324506521225e-04
5.719835753552615643e-04 8.583973394706845284e-04
5.719729233533143997e-04 8.584155584685504436e-04
5.719688488170504570e-04 8.583907037973403931e-04
5.719697801396250725e-04 8.583795279264450073e-04
5.719771725125610828e-04 8.583770249970257282e-04
5.719733308069407940e-04 8.583898888900876045e-04
5.719649489037692547e-04 8.583592716604471207e-04
5.719585460610687733e-04 8.583662565797567368e-04
5.719666951335966587e-04 8.583526359871029854e-04
5.719727487303316593e-04 8.582930313423275948e-04
5.719753680750727654e-04 8.583434973843395710e-04
5.719602340832352638e-04 8.583944290876388550e-04
5.719484179280698299e-04 8.583157905377447605e-04
5.719558103010058403e-04 8.583112503401935101e-04
5.719664040952920914e-04 8.583211456425487995e-04
5.719685577787458897e-04 8.583132876083254814e-04
5.719437613151967525e-04 8.583232411183416843e-04
5.719429464079439640e-04 8.583306916989386082e-04
5.719436448998749256e-04 8.582698646932840347e-04
5.719622713513672352e-04 8.582826703786849976e-04
5.719516775570809841e-04 8.583079325035214424e-04
5.719331093132495880e-04 8.582946611568331718e-04
5.719327018596231937e-04 8.582603186368942261e-04
5.719428299926221371e-04 8.582395967096090317e-04
5.719541804865002632e-04 8.582818554714322090e-04
5.719432956539094448e-04 8.582669543102383614e-04
5.719302571378648281e-04 8.582851733081042767e-04
5.719265900552272797e-04 8.582619484513998032e-04
5.719293840229511261e-04 8.582023438066244125e-04
5.719411419704556465e-04 8.582350565120577812e-04
5.719350301660597324e-04 8.582773152738809586e-04
5.719206528738141060e-04 8.582346490584313869e-04
5.719158798456192017e-04 8.582040318287909031e-04
5.719267646782100201e-04 8.582040318287909031e-04
5.719336913898587227e-04 8.581961737945675850e-04
5.719280452467501163e-04 8.581986185163259506e-04
5.719121545553207397e-04 8.582148002460598946e-04
5.719129112549126148e-04 8.582044392824172974e-04
5.719066830351948738e-04 8.581601432524621487e-04
5.719188484363257885e-04 8.581671863794326782e-04
5.719086038880050182e-04 8.582044392824172974e-04
5.719045875594019890e-04 8.581730071455240250e-04
5.719060427509248257e-04 8.581564179621636868e-04
5.719105829484760761e-04 8.581618312746286392e-04
5.719064502045512199e-04 8.581436122767627239e-04
5.718960310332477093e-04 8.581436122767627239e-04
5.719013279303908348e-04 8.581659640185534954e-04
5.718898610211908817e-04 8.581444271840155125e-04
5.718884058296680450e-04 8.581088040955364704e-04
5.718907341361045837e-04 8.581183501519262791e-04
5.718994652852416039e-04 8.581096772104501724e-04
5.718797328881919384e-04 8.581179426982998848e-04
5.718786851502954960e-04 8.581129368394613266e-04
5.718894535675644875e-04 8.580844150856137276e-04
5.718928878195583820e-04 8.580761495977640152e-04
5.718884058296680450e-04 8.580976282246410847e-04
5.718733882531523705e-04 8.581026340834796429e-04
5.718743777833878994e-04 8.580607827752828598e-04
5.718820029869675636e-04 8.580691064707934856e-04
5.718832835555076599e-04 8.580649737268686295e-04
5.718722240999341011e-04 8.580347057431936264e-04
5.718641914427280426e-04 8.580728317610919476e-04
5.718642496503889561e-04 8.580529247410595417e-04
5.718647735193371773e-04 8.580185822211205959e-04
5.718715256080031395e-04 8.580359863117337227e-04
5.718640750274062157e-04 8.580496069043874741e-04
5.718669272027909756e-04 8.580065914429724216e-04
5.718563334085047245e-04 8.580397116020321846e-04
5.718528991565108299e-04 8.580285357311367989e-04
5.718650063499808311e-04 8.579722489230334759e-04
5.718581960536539555e-04 8.579776040278375149e-04
5.718540633097290993e-04 8.580057765357196331e-04
5.718457978218793869e-04 8.579507120884954929e-04
5.718490574508905411e-04 8.579954155720770359e-04
5.718409083783626556e-04 8.579801069572567940e-04
5.718377069570124149e-04 8.579179993830621243e-04
5.718454485759139061e-04 8.579341229051351547e-04
5.718375905416905880e-04 8.579954155720770359e-04
5.718297325074672699e-04 8.579225395806133747e-04
5.718366010114550591e-04 8.579113637097179890e-04
5.718375905416905880e-04 8.579436689615249634e-04
5.718335160054266453e-04 8.579234126955270767e-04
5.718206521123647690e-04 8.579109562560915947e-04
5.718274042010307312e-04 8.579221321269869804e-04
5.718239117413759232e-04 8.578716660849750042e-04
5.718316533602774143e-04 8.578997803851962090e-04
5.718231550417840481e-04 8.579076384194195271e-04
5.718143074773252010e-04 8.578923298045992851e-04
5.718101747334003448e-04 8.578724809922277927e-04
5.718200118280947208e-04 8.579047862440347672e-04
5.718212341889739037e-04 8.578629349358379841e-04
5.718083120882511139e-04 8.578869746997952461e-04
5.718030733987689018e-04 8.578409906476736069e-04
5.718106403946876526e-04 8.578289998695254326e-04
5.718086613342165947e-04 8.578592096455395222e-04
5.718095344491302967e-04 8.578327251598238945e-04
5.718087195418775082e-04 8.578389533795416355e-04
5.717953899875283241e-04 8.578232373110949993e-04
5.717981257475912571e-04 8.578136912547051907e-04
5.717994063161313534e-04 8.578157867304980755e-04
5.717989988625049591e-04 8.578062406741082668e-04
5.717956810258328915e-04 8.577962871640920639e-04
5.717839812859892845e-04 8.577867993153631687e-04
5.717852036468684673e-04 8.577872067689895630e-04
5.717830499634146690e-04 8.577805710956454277e-04
5.717870080843567848e-04 8.577470434829592705e-04
5.717904423363506794e-04 8.577582193538546562e-04
5.717785679735243320e-04 8.577395929023623466e-04
5.717778112739324570e-04 8.577470434829592705e-04
5.717644817195832729e-04 8.577586268074810505e-04
5.717707099393010139e-04 8.577284170314669609e-04
5.717719905078411102e-04 8.577073458582162857e-04
5.717716994695365429e-04 8.576990221627056599e-04
5.717710591852664948e-04 8.577185217291116714e-04
5.717620369978249073e-04 8.577068801969289780e-04
5.717644817195832729e-04 8.576721302233636379e-04
5.717587191611528397e-04 8.576928521506488323e-04
5.717617459595203400e-04 8.576932596042752266e-04
5.717532476410269737e-04 8.576427353546023369e-04
5.717501626349985600e-04 8.576824911870062351e-04
5.717476014979183674e-04 8.576560067012906075e-04
5.717442836612462997e-04 8.576348773203790188e-04
5.717445746995508671e-04 8.576307445764541626e-04
5.717498133890330791e-04 8.576311520300805569e-04
5.717418389394879341e-04 8.576311520300805569e-04
5.717463791370391846e-04 8.576638647355139256e-04
5.717432941310107708e-04 8.575976244173943996e-04
5.717460298910737038e-04 8.575657848268747330e-04
5.717420135624706745e-04 8.576369727961719036e-04
5.717326421290636063e-04 8.576067630201578140e-04
5.717207677662372589e-04 8.575670071877539158e-04
5.717332242056727409e-04 8.575831307098269463e-04
5.717305466532707214e-04 8.576005348004400730e-04
5.717157619073987007e-04 8.575471583753824234e-04
5.717254243791103363e-04 8.575632818974554539e-04
5.717216990888118744e-04 8.575649117119610310e-04
5.717289750464260578e-04 8.575189858675003052e-04
5.717110470868647099e-04 8.575665997341275215e-04
5.717113381251692772e-04 8.575487881898880005e-04
5.717120366171002388e-04 8.574780076742172241e-04
5.717137828469276428e-04 8.575214887969195843e-04
5.717024905607104301e-04 8.575401152484118938e-04
5.716971354559063911e-04 8.574507082812488079e-04
5.717073217965662479e-04 8.575053070671856403e-04
5.716967862099409103e-04 8.575156680308282375e-04
5.716937594115734100e-04 8.574428502470254898e-04
5.716924788430333138e-04 8.574693347327411175e-04
5.717030144296586514e-04 8.574974490329623222e-04
5.716991145163774490e-04 8.574213134124875069e-04
5.716870073229074478e-04 8.574656094424426556e-04
5.716867162846028805e-04 8.574755047447979450e-04
5.716884625144302845e-04 8.573815575800836086e-04
5.716905579902231693e-04 8.574117673560976982e-04
5.716809537261724472e-04 8.574482053518295288e-04
