4.729585000000000150e+00 4.739784717559814453e+00
2.282224999999999948e+00 2.278590679168701172e+00
2.510700999999999894e+01 2.509663772583007812e+01
2.255974000000000146e+01 2.257088088989257812e+01
1.002246999999999888e+00 1.000667452812194824e+00
1.043135000000000145e+00 1.041592001914978027e+00
9.252672000000000452e+00 9.240846633911132812e+00
1.003928000000000154e+00 1.003589987754821777e+00
1.324030999999999958e+00 1.321280598640441895e+00
1.116139999999999910e+00 1.121795892715454102e+00
5.833567999999999643e+00 5.835988998413085938e+00
9.253557999999998174e+00 9.242809295654296875e+00
1.018359000000000014e+00 1.019811153411865234e+00
5.101417999999999786e+00 5.097668647766113281e+00
1.120973999999999915e+00 1.121913194656372070e+00
1.000000000000000000e+00 9.997749328613281250e-01
1.004162999999999917e+00 1.003646135330200195e+00
1.001499005999999969e+00 1.001070499420166016e+00
2.282159000000000049e+00 2.276990652084350586e+00
1.001510542000000115e+00 1.001368403434753418e+00
1.744624000000000308e+01 1.739253997802734375e+01
1.006130999999999887e+00 1.005850195884704590e+00
1.026475000000000026e+00 1.025882005691528320e+00
1.007590999999999903e+00 1.007281422615051270e+00
1.004848999999999881e+00 1.004797101020812988e+00
2.257191000000000169e+00 2.252057075500488281e+00
1.120967000000000047e+00 1.121847391128540039e+00
1.256890000000000107e+01 1.258369636535644531e+01
1.113577999999999957e+00 1.108063697814941406e+00
1.009832999999999981e+00 1.010275006294250488e+00
1.009618000000000126e+00 1.009956479072570801e+00
1.018653000000000031e+00 1.018511176109313965e+00
2.327306000000000452e+01 2.324279975891113281e+01
1.006852000000000080e+00 1.006764292716979980e+00
1.098400000000000043e+00 1.105683803558349609e+00
1.007626000000000133e+00 1.007894754409790039e+00
1.015268000000000059e+00 1.016013383865356445e+00
1.000000000000000000e+00 9.999237060546875000e-01
3.560573999999999906e+00 3.551803112030029297e+00
1.120936000000000154e+00 1.121093392372131348e+00
3.493415000000000159e+00 3.487457752227783203e+00
2.654654000000000291e+00 2.653867006301879883e+00
1.800934999999999953e+00 1.796327710151672363e+00
1.743375999999999593e+01 1.736998748779296875e+01
1.007402000000000131e+00 1.008089542388916016e+00
1.002321999999999935e+00 1.001690506935119629e+00
2.130605000000000082e+00 2.132343292236328125e+00
1.800959999999999894e+00 1.798521995544433594e+00
1.108657000000000004e+00 1.100116729736328125e+00
1.022683999999999926e+00 1.023363351821899414e+00
1.120924000000000031e+00 1.121948242187500000e+00
1.009870999999999963e+00 1.010152816772460938e+00
1.001437015000000041e+00 1.001735329627990723e+00
1.023495000000000044e+00 1.022870063781738281e+00
1.000000000000000000e+00 1.000034093856811523e+00
1.011897999999999964e+00 1.012986302375793457e+00
6.381505000000000649e+00 6.363496303558349609e+00
1.018854999999999844e+00 1.018428206443786621e+00
8.166902000000000328e+00 8.149764060974121094e+00
1.323852000000000029e+00 1.325372457504272461e+00
3.074774999999999814e+00 3.068489074707031250e+00
7.326606000000000840e+00 7.292689800262451172e+00
1.036302000000000056e+00 1.035717844963073730e+00
1.001891000000000087e+00 1.001590967178344727e+00
1.136058000000000012e+00 1.129096746444702148e+00
1.053077999999999959e+00 1.052624821662902832e+00
1.265626999999999569e+01 1.265034198760986328e+01
1.028495000000000159e+00 1.029283046722412109e+00
1.018872000000000000e+00 1.018894672393798828e+00
1.002424999999999899e+00 1.002179980278015137e+00
1.048216999999999954e+00 1.045670866966247559e+00
1.012004999999999821e+00 1.011505484580993652e+00
2.918690000000000229e+00 2.943005561828613281e+00
1.120969000000000104e+00 1.121592283248901367e+00
1.009653000000000134e+00 1.009694337844848633e+00
1.122576999999999936e+00 1.121591091156005859e+00
1.064402000000000070e+00 1.063498854637145996e+00
1.113447999999999993e+00 1.118441462516784668e+00
8.995005000000000805e+00 8.976240158081054688e+00
1.000000000000000000e+00 9.999245405197143555e-01
1.002977000000000007e+00 1.002743005752563477e+00
1.120870000000000033e+00 1.121271848678588867e+00
1.094640999999999975e+00 1.090785145759582520e+00
1.000000000000000000e+00 1.000115394592285156e+00
1.077112999999999987e+00 1.073795437812805176e+00
1.011614999999999931e+00 1.012617349624633789e+00
1.083277999999999963e+00 1.082493305206298828e+00
4.257980999999999128e+00 4.294872760772705078e+00
1.042040999999999995e+00 1.041170597076416016e+00
1.050854999999999873e+00 1.049534082412719727e+00
1.044896999999999965e+00 1.044342994689941406e+00
1.001476593000000026e+00 1.001272082328796387e+00
1.004195000000000171e+00 1.003580927848815918e+00
1.052872000000000030e+00 1.052783489227294922e+00
1.000000000000000000e+00 9.994624257087707520e-01
1.001510450999999913e+00 1.001371026039123535e+00
1.075415999999999928e+00 1.070912241935729980e+00
1.001991999999999994e+00 1.001739144325256348e+00
2.329330000000000211e+01 2.327203750610351562e+01
1.004718000000000000e+00 1.004511594772338867e+00
1.052292000000000005e+00 1.051435947418212891e+00
1.015092000000000105e+00 1.015695452690124512e+00
1.001511030999999941e+00 1.001349925994873047e+00
1.032462999999999909e+00 1.031361103057861328e+00
1.018545000000000034e+00 1.019668340682983398e+00
1.001423616999999933e+00 1.001719117164611816e+00
1.029195000000000082e+00 1.028749704360961914e+00
1.028523999999999994e+00 1.027933001518249512e+00
3.845922999999999981e+00 3.837386369705200195e+00
1.003321999999999825e+00 1.002693772315979004e+00
1.022509000000000112e+00 1.024548768997192383e+00
1.001362000000000085e+00 1.001235365867614746e+00
1.083256999999999914e+00 1.082711696624755859e+00
1.001513034000000024e+00 1.001205563545227051e+00
3.573452999999999768e+00 3.567180871963500977e+00
1.005937999999999999e+00 1.005759477615356445e+00
1.007746999999999948e+00 1.007371425628662109e+00
1.006036000000000152e+00 1.005655884742736816e+00
1.007614999999999927e+00 1.007135272026062012e+00
1.041722000000000037e+00 1.041253805160522461e+00
1.429310999999999998e+00 1.423811554908752441e+00
1.823609999999999687e+01 1.822988510131835938e+01
1.042818999999999940e+00 1.042784929275512695e+00
1.101834000000000024e+01 1.103396892547607422e+01
3.160545999999999722e+01 3.154656982421875000e+01
1.043235000000000134e+00 1.043585419654846191e+00
1.003141999999999978e+00 1.002772808074951172e+00
1.253157000000000076e+00 1.242873907089233398e+00
2.159032999999999802e+01 2.150929641723632812e+01
1.034804000000000057e+00 1.035521864891052246e+00
3.091628000000000043e+00 3.088879585266113281e+00
1.002512999999999987e+00 1.001284718513488770e+00
1.005957999999999908e+00 1.006077289581298828e+00
1.003338999999999981e+00 1.002228856086730957e+00
5.548986000000000196e+00 5.543300151824951172e+00
1.008250000000000091e+00 1.008334040641784668e+00
1.004661000000000026e+00 1.004331350326538086e+00
1.018869000000000025e+00 1.019637823104858398e+00
1.000000000000000000e+00 9.999158978462219238e-01
1.101226000000000038e+00 1.100742220878601074e+00
5.288510000000000488e+00 5.277989864349365234e+00
1.023382999999999932e+00 1.022821903228759766e+00
3.086352000000000206e+00 3.084725856781005859e+00
2.870079999999999742e+00 2.865324258804321289e+00
1.009516000000000080e+00 1.009055376052856445e+00
1.004891999999999896e+00 1.004601001739501953e+00
1.001471414000000060e+00 1.001464009284973145e+00
1.662709999999999910e+00 1.662368655204772949e+00
1.001503990000000011e+00 1.001262784004211426e+00
3.092539999999999267e+01 3.093719291687011719e+01
2.661268000000000189e+00 2.668231964111328125e+00
1.005314000000000041e+00 1.004746556282043457e+00
1.005985000000000129e+00 1.005601644515991211e+00
1.045009000000000077e+00 1.044286251068115234e+00
1.078257999999999939e+00 1.076076865196228027e+00
1.949089000000000027e+01 1.946449851989746094e+01
2.955041999999999902e+01 2.950005912780761719e+01
3.798955000000000748e+00 3.769652128219604492e+00
1.022962999999999845e+00 1.024315714836120605e+00
1.120959999999999956e+00 1.121772408485412598e+00
2.656124999999999847e+00 2.656518459320068359e+00
1.001496149999999918e+00 1.000665664672851562e+00
1.000000000000000000e+00 9.999227523803710938e-01
1.744737999999999900e+01 1.738924598693847656e+01
1.323895000000000044e+00 1.327827453613281250e+00
1.011975999999999987e+00 1.011502146720886230e+00
1.001512350000000051e+00 1.001262187957763672e+00
1.001448222000000055e+00 1.001730322837829590e+00
1.042936000000000085e+00 1.043808102607727051e+00
2.868484000000000034e+00 2.862591266632080078e+00
1.068170000000000064e+00 1.069186925888061523e+00
1.029236000000000040e+00 1.028638362884521484e+00
1.001514725999999911e+00 1.001130819320678711e+00
1.000000000000000000e+00 9.999257326126098633e-01
1.001513440000000088e+00 1.001173973083496094e+00
1.527373999999999654e+01 1.522924804687500000e+01
1.323849999999999971e+00 1.327272057533264160e+00
1.101345000000000018e+00 1.100431442260742188e+00
1.094897000000000009e+00 1.089004993438720703e+00
6.550085000000000157e+00 6.530431747436523438e+00
1.083377000000000034e+00 1.084128141403198242e+00
1.001510887000000016e+00 1.001356124877929688e+00
1.002879999999999994e+00 1.001427173614501953e+00
2.282220000000000137e+00 2.280149459838867188e+00
1.078485000000000138e+00 1.074018239974975586e+00
1.114862000000000020e+00 1.120076656341552734e+00
1.068135999999999974e+00 1.067432165145874023e+00
1.009314000000000044e+00 1.009422183036804199e+00
1.064620000000000122e+00 1.061285018920898438e+00
1.663558000000000092e+00 1.666158318519592285e+00
2.870036999999999949e+00 2.863679647445678711e+00
1.012116000000000016e+00 1.013084292411804199e+00
1.001886999999999972e+00 1.001608848571777344e+00
1.028000000000000025e+00 1.029865860939025879e+00
1.104875000000000052e+00 1.110965251922607422e+00
1.004137000000000057e+00 1.003304958343505859e+00
1.253427999999999987e+00 1.241417527198791504e+00
1.002432999999999907e+00 1.001341819763183594e+00
1.362576000000000320e+01 1.360514640808105469e+01
1.119354000000000182e+00 1.128915309906005859e+00
1.006010999999999989e+00 1.006311535835266113e+00
2.869974000000000025e+00 2.865776777267456055e+00
1.018216000000000010e+00 1.019115686416625977e+00
4.179726999999999748e+00 4.178518295288085938e+00
1.103792000000000106e+00 1.102822303771972656e+00
1.001480899000000147e+00 1.001050353050231934e+00
6.552211999999999925e+00 6.539913654327392578e+00
1.120910000000000073e+00 1.122002482414245605e+00
1.022990999999999984e+00 1.022820234298706055e+00
1.050475000000000048e+00 1.049804210662841797e+00
3.845990999999999715e+00 3.837167263031005859e+00
1.013981000000000021e+00 1.014282941818237305e+00
3.845867999999999842e+00 3.836228370666503906e+00
1.068108999999999975e+00 1.067590951919555664e+00
1.003155000000000019e+00 1.002947807312011719e+00
1.001511374999999981e+00 1.001331806182861328e+00
1.120920999999999834e+00 1.121862292289733887e+00
1.270412000000000097e+00 1.264359712600708008e+00
1.950183999999999918e+00 1.964407324790954590e+00
1.070934000000000053e+00 1.065783858299255371e+00
1.068195999999999923e+00 1.067246675491333008e+00
1.001501238999999988e+00 1.001341938972473145e+00
2.870084999999999997e+00 2.864523649215698242e+00
1.001457503999999998e+00 1.001691102981567383e+00
1.002442000000000055e+00 1.001022338867187500e+00
1.011716999999999977e+00 1.012075066566467285e+00
1.011894000000000071e+00 1.011625647544860840e+00
1.083405999999999869e+00 1.082236886024475098e+00
1.012607999999999953e+00 1.012615799903869629e+00
1.691492999999999824e+01 1.687442016601562500e+01
1.417613999999999930e+00 1.418703675270080566e+00
2.736988000000000198e+00 2.736503601074218750e+00
1.023204999999999920e+00 1.023012995719909668e+00
1.009549000000000030e+00 1.010420441627502441e+00
3.339868000000000059e+00 3.304905652999877930e+00
1.739099000000000173e+00 1.733751654624938965e+00
2.303201000000000320e+01 2.302325630187988281e+01
1.007835000000000036e+00 1.008098125457763672e+00
1.002599000000000018e+00 1.001934647560119629e+00
1.023506999999999945e+00 1.023011445999145508e+00
1.001510644000000116e+00 1.001365303993225098e+00
6.542683999999999500e+00 6.519071578979492188e+00
1.136419000000000068e+00 1.127357125282287598e+00
1.007753000000000121e+00 1.007732868194580078e+00
1.017411000000000065e+00 1.017472386360168457e+00
3.195457999999999288e+01 3.183868217468261719e+01
9.248845999999998568e+00 9.229381561279296875e+00
4.727926999999999325e+00 4.733860969543457031e+00
1.004864999999999897e+00 1.004886150360107422e+00
2.353919999999999746e+01 2.348431205749511719e+01
1.004901999999999962e+00 1.004598736763000488e+00
1.001565000000000039e+00 1.001119256019592285e+00
1.012369999999999992e+00 1.012865185737609863e+00
1.003702000000000094e+00 1.003503203392028809e+00
1.001497666999999980e+00 1.000856280326843262e+00
3.576235000000000497e+00 3.571947097778320312e+00
1.011471000000000009e+00 1.011627912521362305e+00
1.000000000000000000e+00 9.994891881942749023e-01
1.004723000000000033e+00 1.004413843154907227e+00
1.078670000000000018e+00 1.076183080673217773e+00
1.237612999999999852e+00 1.244229793548583984e+00
1.006153000000000075e+00 1.006446361541748047e+00
1.000000000000000000e+00 9.999229907989501953e-01
1.001487570000000105e+00 1.000645160675048828e+00
1.014936000000000060e+00 1.015023827552795410e+00
1.117073999999999900e+00 1.123578906059265137e+00
1.055496999999999908e+00 1.054689645767211914e+00
1.120929999999999982e+00 1.121742844581604004e+00
1.039563000000000015e+00 1.037896037101745605e+00
1.129303000000000168e+00 1.118424892425537109e+00
1.064885999999999999e+00 1.063447475433349609e+00
1.117850000000000010e+00 1.125331401824951172e+00
1.003511000000000042e+00 1.002372384071350098e+00
2.204876000000000058e+00 2.205710649490356445e+00
1.007765000000000022e+00 1.008264899253845215e+00
1.044928000000000079e+00 1.044150710105895996e+00
3.843569000000000457e+00 3.830952644348144531e+00
7.204012000000000526e+00 7.197096824645996094e+00
1.101391000000000009e+00 1.101877689361572266e+00
1.701128999999999536e+01 1.699898338317871094e+01
1.119868000000000086e+00 1.128537297248840332e+00
1.118798999999999877e+00 1.122697234153747559e+00
1.021511000000000058e+00 1.021298766136169434e+00
1.001513894000000127e+00 1.001142978668212891e+00
1.014958000000000027e+00 1.014594793319702148e+00
2.208215000000000039e+00 2.188271045684814453e+00
1.009716999999999976e+00 1.009275674819946289e+00
1.010165999999999897e+00 1.010244131088256836e+00
1.001510370000000094e+00 1.001372933387756348e+00
1.014972999999999903e+00 1.014463663101196289e+00
1.002537000000000011e+00 1.001737236976623535e+00
1.648279999999999967e+00 1.646089792251586914e+00
1.003934000000000104e+00 1.003593206405639648e+00
1.029295000000000071e+00 1.030303835868835449e+00
2.329442999999999842e+01 2.329947090148925781e+01
1.004453000000000040e+00 1.003449559211730957e+00
1.000000000000000000e+00 9.999319314956665039e-01
1.858749999999999902e+00 1.859369874000549316e+00
1.007327000000000083e+00 1.007592201232910156e+00
1.023514000000000035e+00 1.024392485618591309e+00
1.003078000000000136e+00 1.002854466438293457e+00
1.012097000000000024e+00 1.012559652328491211e+00
1.018742999999999954e+00 1.018230080604553223e+00
1.036278000000000032e+00 1.035735487937927246e+00
1.740512000000000370e+01 1.734080314636230469e+01
1.007600999999999969e+00 1.008282303810119629e+00
1.006407000000000052e+00 1.006367921829223633e+00
1.029260999999999981e+00 1.028764009475708008e+00
1.120983000000000063e+00 1.121118664741516113e+00
1.035099999999999909e+00 1.036045074462890625e+00
1.002129000000000048e+00 1.001052260398864746e+00
1.001512063000000063e+00 1.001284718513488770e+00
3.182965000000000266e+00 3.198397159576416016e+00
3.845977999999999675e+00 3.836900711059570312e+00
1.034213999999999967e+00 1.034298181533813477e+00
1.120382999999999907e+00 1.124066591262817383e+00
1.001494424999999966e+00 1.000536918640136719e+00
1.000000000000000000e+00 9.999595284461975098e-01
1.055445999999999884e+00 1.056590318679809570e+00
1.015093999999999941e+00 1.014485478401184082e+00
2.420606999999999953e+00 2.421023845672607422e+00
1.135391000000000039e+00 1.128160953521728516e+00
1.014795999999999809e+00 1.015621304512023926e+00
1.003086000000000144e+00 1.002826690673828125e+00
1.015027000000000124e+00 1.016282677650451660e+00
1.001792999999999934e+00 1.001664400100708008e+00
1.663756000000000235e+00 1.666181445121765137e+00
1.001934000000000102e+00 1.001478791236877441e+00
1.063466999999999940e+00 1.061735153198242188e+00
1.094879000000000158e+00 1.091104388236999512e+00
1.044909000000000088e+00 1.046043634414672852e+00
1.120994999999999964e+00 1.121600031852722168e+00
3.928350000000000009e+00 3.939921140670776367e+00
1.009645000000000126e+00 1.010461807250976562e+00
1.003765000000000018e+00 1.003326296806335449e+00
1.001511577999999902e+00 1.001319050788879395e+00
1.052696999999999994e+00 1.050523281097412109e+00
1.023429000000000144e+00 1.022971510887145996e+00
1.028259000000000034e+00 1.028051853179931641e+00
1.113764999999999894e+00 1.108658790588378906e+00
1.084929000000000032e+00 1.078593015670776367e+00
1.003810000000000091e+00 1.003469705581665039e+00
1.101445000000000007e+00 1.100097417831420898e+00
1.055428000000000033e+00 1.054903507232666016e+00
1.000000000000000000e+00 9.987995624542236328e-01
1.036120000000000152e+00 1.035560011863708496e+00
2.275561999999999863e+00 2.272361993789672852e+00
1.034434999999999993e+00 1.033999204635620117e+00
1.003208000000000100e+00 1.002599954605102539e+00
1.101725000000000065e+00 1.108438730239868164e+00
1.002394000000000007e+00 1.001964926719665527e+00
3.033334999999999670e+00 3.032023906707763672e+00
1.101307999999999954e+00 1.100459218025207520e+00
1.003894000000000064e+00 1.003795027732849121e+00
6.552175999999999334e+00 6.538571357727050781e+00
3.083702000000000165e+00 3.081013441085815430e+00
1.324033999999999933e+00 1.323333501815795898e+00
1.072802000000000033e+00 1.072026848793029785e+00
1.022953000000000001e+00 1.024105787277221680e+00
1.015133000000000063e+00 1.014666914939880371e+00
1.006562000000000179e+00 1.006213665008544922e+00
1.429945000000000022e+00 1.425845742225646973e+00
1.006081000000000003e+00 1.006068468093872070e+00
1.036342000000000096e+00 1.037386417388916016e+00
1.001500189000000152e+00 1.001250386238098145e+00
1.120970000000000022e+00 1.121420860290527344e+00
2.281759000000000093e+00 2.279780149459838867e+00
1.084400000000000031e+00 1.085211873054504395e+00
1.120991000000000071e+00 1.121249198913574219e+00
1.015430999999999973e+00 1.015423417091369629e+00
4.722841999999999985e+00 4.725593566894531250e+00
9.237534000000000134e+00 9.213078498840332031e+00
3.281260000000000066e+00 3.253465890884399414e+00
3.199099000000001070e+01 3.191131973266601562e+01
1.001492454999999948e+00 1.000488281250000000e+00
1.027778000000000080e+00 1.028321981430053711e+00
1.256047000000000047e+01 1.256881713867187500e+01
1.504896000000000011e+00 1.505236744880676270e+00
1.004962999999999829e+00 1.004673242568969727e+00
1.001465134999999895e+00 1.001604676246643066e+00
1.004966000000000026e+00 1.004825711250305176e+00
1.120908000000000015e+00 1.122006416320800781e+00
1.120993000000000128e+00 1.121689319610595703e+00
1.018548000000000009e+00 1.020008683204650879e+00
1.002385000000000081e+00 1.002173542976379395e+00
1.001511193000000022e+00 1.001341938972473145e+00
1.001510759000000084e+00 1.001361250877380371e+00
1.002313000000000009e+00 1.002150058746337891e+00
1.003861000000000114e+00 1.003717064857482910e+00
1.001514400000000027e+00 1.001119494438171387e+00
1.002909999999999968e+00 1.001732349395751953e+00
1.003033999999999981e+00 1.002561092376708984e+00
4.130154000000000103e+00 4.116696834564208984e+00
1.001502195999999900e+00 1.001333594322204590e+00
1.109754999999999825e+00 1.115118384361267090e+00
1.800954999999999862e+00 1.800680518150329590e+00
1.111697999999999853e+00 1.104385733604431152e+00
1.119053999999999993e+00 1.128149986267089844e+00
1.800970000000000182e+00 1.802602291107177734e+00
1.029079000000000077e+00 1.028588533401489258e+00
1.312027999999999972e+00 1.308066368103027344e+00
2.522855999999999987e+00 2.530851602554321289e+00
1.120894999999999975e+00 1.122027873992919922e+00
1.004834000000000005e+00 1.004848241806030273e+00
1.111731999999999942e+00 1.116827130317687988e+00
1.120883000000000074e+00 1.122027754783630371e+00
1.120025999999999966e+00 1.127342224121093750e+00
2.425793000000000088e+00 2.419937133789062500e+00
