1.000014999999999876e+00 9.985827803611755371e-01
1.000364999999999949e+00 9.987059235572814941e-01
1.005784000000000011e+00 1.002605199813842773e+00
1.012850000000000028e+00 1.012217402458190918e+00
1.022452000000000139e+00 1.021052002906799316e+00
1.034335000000000004e+00 1.031445741653442383e+00
1.048212999999999839e+00 1.044378638267517090e+00
1.063787000000000038e+00 1.059728026390075684e+00
1.080765999999999893e+00 1.077052116394042969e+00
1.098875999999999964e+00 1.095899581909179688e+00
1.157642999999999978e+00 1.158034443855285645e+00
1.219363999999999892e+00 1.223663330078125000e+00
1.321123000000000047e+00 1.331708669662475586e+00
1.504528000000000088e+00 1.524510025978088379e+00
1.789200999999999819e+00 1.815392851829528809e+00
2.001615000000000144e+00 2.026322364807128906e+00
2.780533000000000143e+00 2.796282529830932617e+00
3.143079999999999874e+00 3.164398908615112305e+00
6.264391000000001597e+00 6.231650829315185547e+00
1.195857999999999954e+01 1.179917049407958984e+01
3.632988999999999180e+01 3.572663497924804688e+01
3.078910000000000036e+00 3.043817758560180664e+00
3.171642999999999990e+00 3.129831075668334961e+00
3.219460999999999462e+00 3.179428100585937500e+00
3.366323000000000842e+00 3.352705955505371094e+00
3.437441000000000191e+00 3.446285486221313477e+00
3.549962000000000284e+00 3.595929384231567383e+00
3.816014000000000017e+00 3.819534540176391602e+00
3.928350000000000009e+00 3.894669532775878906e+00
4.044919999999999405e+00 4.014205932617187500e+00
4.257980999999999128e+00 4.274515151977539062e+00
4.421304999999999374e+00 4.460082530975341797e+00
4.603972000000000619e+00 4.625393390655517578e+00
4.710727000000000331e+00 4.703456878662109375e+00
4.722841999999999985e+00 4.711547851562500000e+00
4.729585000000000150e+00 4.717133998870849609e+00
4.730112999999999346e+00 4.716134071350097656e+00
1.000014999999999876e+00 1.005752921104431152e+00
1.000364999999999949e+00 1.005871176719665527e+00
1.005759999999999987e+00 1.009620308876037598e+00
1.012744000000000089e+00 1.018822669982910156e+00
1.022169000000000105e+00 1.027234554290771484e+00
1.033749999999999947e+00 1.037074089050292969e+00
1.047182999999999975e+00 1.049234867095947266e+00
1.062162999999999968e+00 1.063553810119628906e+00
1.078392999999999935e+00 1.079572200775146484e+00
1.095605999999999858e+00 1.096836686134338379e+00
1.150875000000000092e+00 1.152673840522766113e+00
1.208110000000000017e+00 1.210126757621765137e+00
1.300936000000000092e+00 1.302148461341857910e+00
1.463985000000000092e+00 1.461380004882812500e+00
1.707391999999999799e+00 1.695969343185424805e+00
1.882209000000000021e+00 1.863629460334777832e+00
2.482306000000000346e+00 2.454325914382934570e+00
2.744105999999999934e+00 2.727039098739624023e+00
4.930587000000000053e+00 4.964957237243652344e+00
9.143603000000000591e+00 9.103353500366210938e+00
2.835232000000000241e+01 2.822987747192382812e+01
2.432611999999999952e+01 2.438276481628417969e+01
2.510700999999999894e+01 2.524513435363769531e+01
2.606997000000000497e+01 2.628123664855957031e+01
2.865722999999999487e+01 2.820438766479492188e+01
2.954962000000000089e+01 2.962717819213867188e+01
3.092539999999999267e+01 3.104603767395019531e+01
3.177972999999999359e+01 3.193484687805175781e+01
3.189240999999999815e+01 3.204665756225585938e+01
3.198612999999999573e+01 3.212682342529296875e+01
3.199099000000001070e+01 3.211231994628906250e+01
4.909855999999999554e+00 5.063937664031982422e+00
1.737647999999999726e+01 1.749390602111816406e+01
1.737680999999999898e+01 1.749260520935058594e+01
9.236680999999999031e+00 9.307190895080566406e+00
9.236857000000000539e+00 9.306785583496093750e+00
2.275300000000000100e+00 2.314642429351806641e+00
3.831167000000000655e+01 3.755279922485351562e+01
3.834324999999999051e+01 3.755273437500000000e+01
3.839031999999999556e+01 3.755092239379882812e+01
1.000014999999999876e+00 9.962361454963684082e-01
1.000014999999999876e+00 1.006261706352233887e+00
1.000014999999999876e+00 9.977335929870605469e-01
1.000014999999999876e+00 9.977329373359680176e-01
2.687389000000000028e-01 2.688254714012145996e-01
2.075508999999999826e+00 2.078347444534301758e+00
6.592472999999999139e+00 6.604885578155517578e+00
1.355211000000000254e+01 1.362937927246093750e+01
2.068059999999999476e+01 2.056290626525878906e+01
2.908320999999999401e+01 2.941325187683105469e+01
3.012710000000000221e+01 3.020672225952148438e+01
3.060035999999999490e+01 3.078594017028808594e+01
3.049490000000000123e+01 3.084967041015625000e+01
3.034778000000000375e+01 2.985235214233398438e+01
3.037924999999999898e+01 3.018119621276855469e+01
3.035489999999999711e+01 3.058198356628417969e+01
3.035774000000001038e+01 3.043788909912109375e+01
8.067639999999999534e-02 8.005826175212860107e-02
6.288815999999999296e-01 6.306990981101989746e-01
2.078670999999999935e+00 2.053592205047607422e+00
4.707061000000000384e+00 4.715313434600830078e+00
8.427638999999999214e+00 8.360640525817871094e+00
1.850587999999999766e+01 1.838479423522949219e+01
2.091906000000000176e+01 2.111284828186035156e+01
2.223610999999999294e+01 2.275569534301757812e+01
2.236857000000000539e+01 2.300123023986816406e+01
2.226275000000000404e+01 2.248512077331542969e+01
2.220318000000000325e+01 2.196933364868164062e+01
2.218775999999999726e+01 2.218234634399414062e+01
2.215348999999999435e+01 2.210369682312011719e+01
2.715016999999999778e-02 2.715846709907054901e-02
2.102489000000000441e-01 2.115599662065505981e-01
7.028714000000000350e-01 6.990855336189270020e-01
1.640424000000000104e+00 1.653291106224060059e+00
3.121350000000000069e+00 3.100258111953735352e+00
9.731861000000000317e+00 9.620791435241699219e+00
1.337477000000000515e+01 1.313154506683349609e+01
1.625497999999999621e+01 1.621799087524414062e+01
1.669725000000000037e+01 1.678411483764648438e+01
1.673390999999999806e+01 1.673966026306152344e+01
1.666221000000000174e+01 1.632435989379882812e+01
1.660348999999999720e+01 1.634685134887695312e+01
1.655186000000000135e+01 1.625878334045410156e+01
1.031028000000000153e-02 1.025237701833248138e-02
2.853793999999999775e-02 2.856716699898242950e-02
7.564405000000000434e-02 7.556352764368057251e-02
1.726667000000000063e-01 1.750136911869049072e-01
3.364597999999999756e-01 3.360518515110015869e-01
1.308705999999999925e+00 1.290757775306701660e+00
2.432789000000000090e+00 2.484761476516723633e+00
6.010763999999999996e+00 6.039823055267333984e+00
8.142004000000000019e+00 8.090437889099121094e+00
8.967610000000000525e+00 9.113992691040039062e+00
8.997593000000000174e+00 8.922330856323242188e+00
8.928126000000000673e+00 8.829054832458496094e+00
8.830655000000000143e+00 8.810232162475585938e+00
1.002826000000000065e-02 1.003045681864023209e-02
2.019348000000000323e-02 2.034156769514083862e-02
3.085061999999999180e-02 3.086927160620689392e-02
4.287079999999999363e-02 4.312925413250923157e-02
5.799008999999998720e-02 5.803300812840461731e-02
1.456627999999999812e-01 1.454283148050308228e-01
2.669320000000000581e-01 2.650386989116668701e-01
8.580501000000000378e-01 8.549214601516723633e-01
1.848970999999999920e+00 1.858048677444458008e+00
3.863915000000000433e+00 3.854637145996093750e+00
4.674012000000000278e+00 4.643897056579589844e+00
4.622935000000000016e+00 4.597999095916748047e+00
4.522562999999999889e+00 4.558657646179199219e+00
1.002544999999999999e-02 1.007853355258703232e-02
2.008842999999999740e-02 2.025212161242961884e-02
3.022741999999999443e-02 3.037467412650585175e-02
4.045971000000000983e-02 4.031397774815559387e-02
5.073185999999998974e-02 5.051730573177337646e-02
8.254651999999999823e-02 8.220437914133071899e-02
1.051571000000000033e-01 1.037163734436035156e-01
1.734648000000000023e-01 1.725638359785079956e-01
2.781812000000000173e-01 2.777136266231536865e-01
6.986090000000000355e-01 6.893905997276306152e-01
1.892222000000000071e+00 1.876310467720031738e+00
2.245136999999999716e+00 2.203601121902465820e+00
2.245416000000000079e+00 2.265579938888549805e+00
1.002542000000000190e-02 1.000656560063362122e-02
2.010192999999999702e-02 2.012027055025100708e-02
3.021924999999999958e-02 3.018114715814590454e-02
4.043530999999999515e-02 4.042939096689224243e-02
5.064285000000000314e-02 5.065436661243438721e-02
8.176728999999999248e-02 8.227521181106567383e-02
1.027882999999999991e-01 1.038909256458282471e-01
1.565868000000000260e-01 1.589059531688690186e-01
2.123663000000000078e-01 2.149444520473480225e-01
3.322900000000000298e-01 3.334434032440185547e-01
6.268076000000000203e-01 6.277505755424499512e-01
9.431811999999999419e-01 9.311739802360534668e-01
1.117866000000000026e+00 1.115878224372863770e+00
1.002542000000000190e-02 1.002273987978696823e-02
2.008679000000000367e-02 2.014343440532684326e-02
3.021916999999999312e-02 3.014958277344703674e-02
4.043506000000000183e-02 4.045987501740455627e-02
5.064194999999998420e-02 5.071199312806129456e-02
8.175948000000000937e-02 8.173866569995880127e-02
1.027644999999999947e-01 1.025128811597824097e-01
1.564138999999999946e-01 1.553156524896621704e-01
2.116577000000000597e-01 2.100281715393066406e-01
3.272169000000000327e-01 3.268222808837890625e-01
5.774776000000000353e-01 5.765288472175598145e-01
8.222174000000000982e-01 8.287272453308105469e-01
1.001457000000000042e+00 1.000468373298645020e+00
1.002542000000000190e-02 1.002319063991308212e-02
2.008679000000000367e-02 2.014390006661415100e-02
3.023966999999999627e-02 3.014885447919368744e-02
4.043506000000000183e-02 4.046018794178962708e-02
5.064193999999999640e-02 5.071274191141128540e-02
8.175939999999999597e-02 8.172852545976638794e-02
1.027643000000000167e-01 1.024868786334991455e-01
1.564120999999999984e-01 1.552443057298660278e-01
2.116505999999999943e-01 2.099244594573974609e-01
3.271654999999999980e-01 3.266897797584533691e-01
5.769554000000000071e-01 5.757817625999450684e-01
8.207665999999999018e-01 8.271020054817199707e-01
1.000000000000000000e+00 9.985515475273132324e-01
2.686894000000000227e-01 2.684627175331115723e-01
2.058135000000000048e+00 2.089580535888671875e+00
6.279335999999999807e+00 6.323082923889160156e+00
1.209226999999999919e+01 1.234773826599121094e+01
1.765980000000000061e+01 1.795683479309082031e+01
2.569151000000000096e+01 2.562787628173828125e+01
2.641694999999999283e+01 2.650926399230957031e+01
2.591911999999999239e+01 2.571598815917968750e+01
2.463111999999999924e+01 2.458854103088378906e+01
2.403275999999999257e+01 2.364535903930664062e+01
2.388073999999999941e+01 2.370597267150878906e+01
2.369154000000000693e+01 2.349092102050781250e+01
2.353919999999999746e+01 2.362494277954101562e+01
8.067422000000000482e-02 8.037124574184417725e-02
6.280369999999999564e-01 6.317063570022583008e-01
2.053252999999999773e+00 2.019960880279541016e+00
4.505837999999998900e+00 4.486061096191406250e+00
7.669184999999999697e+00 7.672237396240234375e+00
1.586723000000000106e+01 1.596083068847656250e+01
1.833696999999999733e+01 1.825036621093750000e+01
1.911189999999999856e+01 1.908380889892578125e+01
1.862586000000000297e+01 1.835371017456054688e+01
1.731682000000000343e+01 1.730378723144531250e+01
1.733527999999999736e+01 1.742718696594238281e+01
1.715277999999999992e+01 1.704402923583984375e+01
1.701128999999999536e+01 1.689747047424316406e+01
2.715004000000000028e-02 2.701166458427906036e-02
2.102084000000000175e-01 2.114448994398117065e-01
7.011646999999999741e-01 6.966537833213806152e-01
1.621404000000000067e+00 1.631506085395812988e+00
3.016315999999999775e+00 2.996972322463989258e+00
8.491806000000000409e+00 8.612170219421386719e+00
1.145899000000000179e+01 1.145670223236083984e+01
1.423613000000000284e+01 1.379501628875732422e+01
1.422569000000000194e+01 1.386676120758056641e+01
1.308621000000000301e+01 1.309959030151367188e+01
1.296062999999999832e+01 1.302053737640380859e+01
1.279894000000000176e+01 1.273128414154052734e+01
1.265626999999999569e+01 1.247906017303466797e+01
1.031026999999999985e-02 1.031944341957569122e-02
2.853715000000000071e-02 2.855490520596504211e-02
7.563597000000001069e-02 7.525182515382766724e-02
1.726045999999999969e-01 1.736135035753250122e-01
3.359953999999999996e-01 3.345457315444946289e-01
1.286829000000000001e+00 1.280079483985900879e+00
2.319300999999999835e+00 2.390900373458862305e+00
5.216244999999999798e+00 5.379752635955810547e+00
6.987538999999999945e+00 6.945747375488281250e+00
7.631654999999999411e+00 7.625893115997314453e+00
7.032405000000000683e+00 7.240918636322021484e+00
6.915568000000000382e+00 6.992712497711181641e+00
6.795818999999998944e+00 6.776178359985351562e+00
1.002829000000000047e-02 1.001327484846115112e-02
2.019362999999999714e-02 2.018089592456817627e-02
3.085061000000000053e-02 3.074927069246768951e-02
4.287076999999999555e-02 4.287825152277946472e-02
5.798949999999999244e-02 5.753450095653533936e-02
1.456240999999999786e-01 1.467043459415435791e-01
2.665486999999999718e-01 2.709128558635711670e-01
8.438250000000000473e-01 8.691656589508056641e-01
1.738388999999999962e+00 1.787643432617187500e+00
3.346444000000000418e+00 3.345229148864746094e+00
3.982841999999999327e+00 3.991486549377441406e+00
3.789502999999999400e+00 3.887633562088012695e+00
3.709964999999999957e+00 3.752871513366699219e+00
1.002544999999999999e-02 1.005176734179258347e-02
2.008842999999999740e-02 2.012244611978530884e-02
3.022741999999999443e-02 3.034835681319236755e-02
4.045971000000000983e-02 4.037195816636085510e-02
5.073185999999998974e-02 5.067484080791473389e-02
8.254648000000000541e-02 8.260652422904968262e-02
1.051567999999999947e-01 1.041868329048156738e-01
1.734524000000000066e-01 1.747684329748153687e-01
2.779077999999999826e-01 2.851358354091644287e-01
6.841658000000000461e-01 6.982403993606567383e-01
1.708859999999999824e+00 1.701008081436157227e+00
2.081239000000000061e+00 2.000953674316406250e+00
2.076522999999999897e+00 2.050933837890625000e+00
1.002542000000000190e-02 9.988577105104923248e-03
2.008681000000000355e-02 2.007690258324146271e-02
3.021924999999999958e-02 3.028317540884017944e-02
4.043530999999999515e-02 4.052627831697463989e-02
5.064285000000000314e-02 5.067207291722297668e-02
8.176728999999999248e-02 8.217831701040267944e-02
1.027882999999999991e-01 1.039644107222557068e-01
1.565868000000000260e-01 1.592043787240982056e-01
2.123663000000000078e-01 2.148737460374832153e-01
3.322855999999999588e-01 3.303909003734588623e-01
6.255669999999999842e-01 6.240328550338745117e-01
9.364283999999999386e-01 9.279417991638183594e-01
1.113558000000000048e+00 1.114963412284851074e+00
1.002542000000000190e-02 1.001576520502567291e-02
2.008679000000000367e-02 2.011448331177234650e-02
3.021916999999999312e-02 3.027729876339435577e-02
4.043506000000000183e-02 4.057920724153518677e-02
5.064194999999998420e-02 5.073367059230804443e-02
8.175948000000000937e-02 8.154182136058807373e-02
1.027644999999999947e-01 1.024436205625534058e-01
1.564138999999999946e-01 1.555480360984802246e-01
2.116577000000000597e-01 2.102219313383102417e-01
3.272169000000000327e-01 3.246510028839111328e-01
5.774774000000000296e-01 5.697399973869323730e-01
8.222149999999999181e-01 8.277403116226196289e-01
1.001455999999999902e+00 1.007567763328552246e+00
1.002542000000000190e-02 1.001641433686017990e-02
2.008679000000000367e-02 2.011521160602569580e-02
3.023966999999999627e-02 3.027703240513801575e-02
4.043506000000000183e-02 4.057992994785308838e-02
5.064193999999999640e-02 5.073451995849609375e-02
8.175939999999999597e-02 8.152991533279418945e-02
1.027643000000000167e-01 1.024150028824806213e-01
1.564120999999999984e-01 1.554747670888900757e-01
2.116505999999999943e-01 2.101213186979293823e-01
3.271654999999999980e-01 3.245400786399841309e-01
5.769554000000000071e-01 5.689387917518615723e-01
8.207665999999999018e-01 8.261033296585083008e-01
1.000000000000000000e+00 1.005724310874938965e+00
2.687396000000000229e-01 2.677773833274841309e-01
2.075725999999999960e+00 2.086690664291381836e+00
6.603111999999999426e+00 6.660456180572509766e+00
1.363068999999999775e+01 1.381466007232666016e+01
2.089889000000000152e+01 2.092768287658691406e+01
2.957805000000000462e+01 2.994712829589843750e+01
3.079379999999999384e+01 3.062781715393066406e+01
3.178919999999999391e+01 3.136653327941894531e+01
3.199133999999999745e+01 3.199290275573730469e+01
3.202446000000000481e+01 3.189455795288085938e+01
3.192984000000000222e+01 3.150898551940917969e+01
3.189435999999999538e+01 3.211528015136718750e+01
3.195457999999999288e+01 3.211423873901367188e+01
8.067629000000001160e-02 8.016363531351089478e-02
6.288846999999999632e-01 6.352395415306091309e-01
2.078996000000000066e+00 2.074325084686279297e+00
4.712534999999999918e+00 4.773840904235839844e+00
8.460283000000000442e+00 8.472077369689941406e+00
1.874993999999999872e+01 1.865609550476074219e+01
2.127218999999999838e+01 2.140407943725585938e+01
2.286757000000000772e+01 2.307060241699218750e+01
2.328158000000000172e+01 2.354983901977539062e+01
2.342211000000000354e+01 2.367837905883789062e+01
2.330684000000000111e+01 2.331808280944824219e+01
2.325881000000000753e+01 2.361250877380371094e+01
2.327306000000000452e+01 2.362126541137695312e+01
2.715019000000000113e-02 2.729415893554687500e-02
2.102489000000000441e-01 2.127925008535385132e-01
7.028789000000000842e-01 7.043766975402832031e-01
1.640622000000000025e+00 1.668141365051269531e+00
3.123361999999999750e+00 3.129819869995117188e+00
9.800664999999996851e+00 9.706012725830078125e+00
1.353474000000000110e+01 1.326170825958251953e+01
1.658943999999999974e+01 1.639987564086914062e+01
1.721285999999999916e+01 1.704609298706054688e+01
1.751813999999999538e+01 1.731037139892578125e+01
1.744458000000000197e+01 1.724815940856933594e+01
1.737433999999999656e+01 1.743165397644042969e+01
1.736398999999999759e+01 1.749397277832031250e+01
1.031024000000000176e-02 1.024494972079992294e-02
2.853798999999999225e-02 2.861979976296424866e-02
7.564443999999999335e-02 7.582734525203704834e-02
1.726679000000000130e-01 1.758855134248733521e-01
3.364655999999999758e-01 3.375242948532104492e-01
1.308889999999999887e+00 1.291431546211242676e+00
2.434572000000000180e+00 2.481076002120971680e+00
6.047609999999999708e+00 6.047124385833740234e+00
8.247183999999998960e+00 8.160397529602050781e+00
9.199860000000001037e+00 9.291141510009765625e+00
9.384256000000000597e+00 9.231272697448730469e+00
9.283868000000000009e+00 9.231804847717285156e+00
9.232647999999999300e+00 9.307207107543945312e+00
1.002829000000000047e-02 1.003521028906106949e-02
2.019362999999999714e-02 2.038453333079814911e-02
3.085061999999999180e-02 3.091014921665191650e-02
4.287085000000000201e-02 4.322708025574684143e-02
5.799011999999999917e-02 5.824714526534080505e-02
1.456630000000000147e-01 1.456657201051712036e-01
2.669329999999999203e-01 2.645031511783599854e-01
8.581174999999999775e-01 8.478003144264221191e-01
1.850375999999999799e+00 1.845055341720581055e+00
3.884132999999999836e+00 3.894247770309448242e+00
4.768913999999999653e+00 4.755168437957763672e+00
4.777708000000001398e+00 4.732131481170654297e+00
4.727926999999999325e+00 4.716267108917236328e+00
1.002544999999999999e-02 1.008543558418750763e-02
2.008842999999999740e-02 2.028703875839710236e-02
3.022741999999999443e-02 3.038177080452442169e-02
4.045971000000000983e-02 4.030327871441841125e-02
5.073185999999998974e-02 5.049220100045204163e-02
8.254651999999999823e-02 8.215452730655670166e-02
1.051571000000000033e-01 1.036807671189308167e-01
1.734650000000000081e-01 1.722681522369384766e-01
2.781821999999999906e-01 2.761940062046051025e-01
6.986634000000000455e-01 6.821186542510986328e-01
1.895707000000000031e+00 1.892325520515441895e+00
2.256045999999999996e+00 2.244174242019653320e+00
2.274820999999999760e+00 2.314645290374755859e+00
1.002542000000000190e-02 1.001460012048482895e-02
2.008681000000000355e-02 2.013615518808364868e-02
3.021924999999999958e-02 3.015832230448722839e-02
4.043530999999999515e-02 4.040276631712913513e-02
5.064285000000000314e-02 5.064601451158523560e-02
8.176728999999999248e-02 8.231788128614425659e-02
1.027882999999999991e-01 1.039232388138771057e-01
1.565868000000000260e-01 1.589557230472564697e-01
2.123663000000000078e-01 2.150877714157104492e-01
3.322900000000000298e-01 3.342416882514953613e-01
6.268126000000000531e-01 6.284731030464172363e-01
9.432511000000000090e-01 9.294890761375427246e-01
1.118856999999999990e+00 1.115333914756774902e+00
1.002542000000000190e-02 1.002803444862365723e-02
2.008679000000000367e-02 2.015607804059982300e-02
3.021916999999999312e-02 3.012104518711566925e-02
4.043506000000000183e-02 4.042790457606315613e-02
5.064194999999998420e-02 5.070163682103157043e-02
8.175948000000000937e-02 8.179960399866104126e-02
1.027644999999999947e-01 1.025712564587593079e-01
1.564138999999999946e-01 1.553822606801986694e-01
2.116577000000000597e-01 2.101397216320037842e-01
3.272169000000000327e-01 3.273841738700866699e-01
5.774776000000000353e-01 5.787410140037536621e-01
8.222174999999999345e-01 8.285140991210937500e-01
1.001457000000000042e+00 9.996100664138793945e-01
1.002542000000000190e-02 1.002843119204044342e-02
2.008679000000000367e-02 2.015646547079086304e-02
3.023966999999999627e-02 3.012019395828247070e-02
4.043506000000000183e-02 4.042808338999748230e-02
5.064193999999999640e-02 5.070231854915618896e-02
8.175939999999999597e-02 8.178976923227310181e-02
1.027643000000000167e-01 1.025457233190536499e-01
1.564120999999999984e-01 1.553113460540771484e-01
2.116505999999999943e-01 2.100356370210647583e-01
3.271654999999999980e-01 3.272471725940704346e-01
5.769554000000000071e-01 5.780128240585327148e-01
8.207665999999999018e-01 8.269205093383789062e-01
1.000000000000000000e+00 9.977024793624877930e-01
1.002829000000000047e-02 1.000530179589986801e-02
2.019357000000000443e-02 2.017384581267833710e-02
3.084893999999999831e-02 3.100931271910667419e-02
4.284290000000001014e-02 4.336853325366973877e-02
5.771874999999998535e-02 5.791103839874267578e-02
1.317362999999999729e-01 1.341727524995803833e-01
2.036617999999999762e-01 2.121938318014144897e-01
3.824198999999999793e-01 3.975963294506072998e-01
4.079852999999999952e-01 4.818496108055114746e-01
6.149624999999999675e-01 6.017695069313049316e-01
2.800159999999999982e+00 2.916802644729614258e+00
3.052070999999999756e+00 3.059957981109619141e+00
3.033334999999999670e+00 3.007338523864746094e+00
1.002544999999999999e-02 1.004098542034626007e-02
2.008842999999999740e-02 2.005380205810070038e-02
3.022741000000000317e-02 3.034140169620513916e-02
4.045971000000000983e-02 4.043829068541526794e-02
5.073159999999998782e-02 5.083485692739486694e-02
8.253338000000000341e-02 8.289092034101486206e-02
1.050249999999999934e-01 1.042188704013824463e-01
1.688239999999999741e-01 1.656595617532730103e-01
2.419711000000000223e-01 2.366193234920501709e-01
3.729390999999999678e-01 3.727312982082366943e-01
9.317840000000000567e-01 9.305389523506164551e-01
1.775520999999999905e+00 1.710036635398864746e+00
1.858749999999999902e+00 1.921926736831665039e+00
1.002542000000000190e-02 1.000729016959667206e-02
2.008681000000000355e-02 2.010396309196949005e-02
3.021924999999999958e-02 3.039333969354629517e-02
4.043530999999999515e-02 4.056732356548309326e-02
5.064284000000000147e-02 5.059792101383209229e-02
8.176727999999998386e-02 8.189690858125686646e-02
1.027882999999999991e-01 1.037610247731208801e-01
1.565842999999999818e-01 1.591917574405670166e-01
2.123179000000000038e-01 2.149877846240997314e-01
3.305444000000000160e-01 3.307684659957885742e-01
5.912399999999999878e-01 5.860366225242614746e-01
8.893439000000000760e-01 8.743618726730346680e-01
1.084400000000000031e+00 1.076016068458557129e+00
1.002542000000000190e-02 1.004357077181339264e-02
2.008679000000000367e-02 2.015720121562480927e-02
3.021916999999999312e-02 3.041551448404788971e-02
4.043506000000000183e-02 4.064280167222023010e-02
5.064194999999998420e-02 5.066274106502532959e-02
8.175948000000000937e-02 8.118361979722976685e-02
1.027644999999999947e-01 1.021504774689674377e-01
1.564138999999999946e-01 1.555234938859939575e-01
2.116577000000000597e-01 2.104924768209457397e-01
3.272160000000000069e-01 3.265875279903411865e-01
5.773589000000000082e-01 5.713775157928466797e-01
8.219006999999999286e-01 8.240634202957153320e-01
1.001251000000000113e+00 1.007408261299133301e+00
1.002542000000000190e-02 1.004436518996953964e-02
2.008679000000000367e-02 2.015820331871509552e-02
3.023966999999999627e-02 3.041575662791728973e-02
4.043506000000000183e-02 4.064396023750305176e-02
5.064193999999999640e-02 5.066376924514770508e-02
8.175939999999999597e-02 8.117038756608963013e-02
1.027643000000000167e-01 1.021201387047767639e-01
1.564120999999999984e-01 1.554495543241500854e-01
2.116505999999999943e-01 2.103936672210693359e-01
3.271654999999999980e-01 3.264885246753692627e-01
5.769554000000000071e-01 5.711065530776977539e-01
8.207665999999999018e-01 8.232200145721435547e-01
1.000000000000000000e+00 1.006243586540222168e+00
1.002829000000000047e-02 1.000496093183755875e-02
2.019361000000000073e-02 2.015242725610733032e-02
3.085031000000000231e-02 3.091664053499698639e-02
4.286617999999999679e-02 4.320850223302841187e-02
5.793754000000000265e-02 5.781900882720947266e-02
1.416443000000000285e-01 1.391813457012176514e-01
2.425442000000000153e-01 2.324754595756530762e-01
5.754003000000000867e-01 5.222814083099365234e-01
8.497331000000000190e-01 7.493263483047485352e-01
1.011796999999999835e+00 9.673514962196350098e-01
2.987462999999999980e+00 3.004245758056640625e+00
3.144128999999999952e+00 3.137418746948242188e+00
3.115168999999999855e+00 3.074939250946044922e+00
1.002544999999999999e-02 1.004066597670316696e-02
2.008842999999999740e-02 2.005832269787788391e-02
3.022741000000000317e-02 3.034075163304805756e-02
4.045971000000000983e-02 4.043227806687355042e-02
5.073179000000000577e-02 5.082923546433448792e-02
8.254438999999999527e-02 8.293733000755310059e-02
1.051319000000000142e-01 1.044210866093635559e-01
1.720895000000000341e-01 1.695896387100219727e-01
2.617425999999999919e-01 2.546386420726776123e-01
4.738574999999999871e-01 4.660811126232147217e-01
1.070070999999999994e+00 1.099315524101257324e+00
1.833195999999999826e+00 1.773791790008544922e+00
1.894989000000000257e+00 1.954930782318115234e+00
1.002542000000000190e-02 1.000206172466278076e-02
2.008681000000000355e-02 2.009516768157482147e-02
3.021924999999999958e-02 3.037916123867034912e-02
4.043530999999999515e-02 4.056839272379875183e-02
5.064284000000000147e-02 5.062156543135643005e-02
8.176728999999999248e-02 8.199970424175262451e-02
1.027882999999999991e-01 1.039099767804145813e-01
1.565864000000000422e-01 1.594136655330657959e-01
2.123576000000000075e-01 2.152174115180969238e-01
3.317106999999999695e-01 3.328271210193634033e-01
6.028505999999999032e-01 6.151321530342102051e-01
9.029066999999999510e-01 8.973281383514404297e-01
1.092251000000000083e+00 1.086957573890686035e+00
1.002542000000000190e-02 1.003728713840246201e-02
2.008679000000000367e-02 2.014621160924434662e-02
3.021916999999999312e-02 3.039743751287460327e-02
4.043506000000000183e-02 4.064060375094413757e-02
5.064194999999998420e-02 5.068471655249595642e-02
8.175948000000000937e-02 8.128532022237777710e-02
1.027644999999999947e-01 1.022915840148925781e-01
1.564138999999999946e-01 1.557339727878570557e-01
2.116577000000000597e-01 2.106951177120208740e-01
3.272167999999999743e-01 3.273805379867553711e-01
5.774445999999999746e-01 5.873672366142272949e-01
8.220652000000000514e-01 8.342568874359130859e-01
1.001361000000000168e+00 1.007893919944763184e+00
1.002542000000000190e-02 1.003806479275226593e-02
2.008679000000000367e-02 2.014717273414134979e-02
3.023966999999999627e-02 3.039761260151863098e-02
4.043506000000000183e-02 4.064168408513069153e-02
5.064193999999999640e-02 5.068567767739295959e-02
8.175939999999999597e-02 8.127204328775405884e-02
1.027643000000000167e-01 1.022611185908317566e-01
1.564120999999999984e-01 1.556596755981445312e-01
2.116505999999999943e-01 2.105961292982101440e-01
3.271654999999999980e-01 3.272672295570373535e-01
5.769554000000000071e-01 5.868984460830688477e-01
8.207665999999999018e-01 8.332027196884155273e-01
1.000000000000000000e+00 1.006548762321472168e+00
1.031028000000000153e-02 1.039804425090551376e-02
2.853302000000000616e-02 2.877251431345939636e-02
7.555046999999999457e-02 7.547756284475326538e-02
1.717172999999999616e-01 1.723269373178482056e-01
3.304265999999999592e-01 3.273312449455261230e-01
1.150928000000000173e+00 1.119022250175476074e+00
1.862809999999999855e+00 1.848943829536437988e+00
3.446851000000000109e+00 3.407111644744873047e+00
3.630631999999999859e+00 4.112001419067382812e+00
4.715861000000000303e+00 4.705801963806152344e+00
5.736006999999999856e+00 5.676869392395019531e+00
5.631241999999999415e+00 5.528432846069335938e+00
5.561956999999999596e+00 5.454115390777587891e+00
1.002829000000000047e-02 1.000611484050750732e-02
2.019362000000000240e-02 2.013715542852878571e-02
3.085054999999999742e-02 3.080474026501178741e-02
4.287019999999999720e-02 4.300323873758316040e-02
5.798313999999999552e-02 5.766343325376510620e-02
1.449305999999999928e-01 1.448189467191696167e-01
2.614751999999999632e-01 2.579814195632934570e-01
7.513250000000000206e-01 7.189556360244750977e-01
1.338386999999999993e+00 1.279117107391357422e+00
2.026284999999999670e+00 2.082718849182128906e+00
3.341134999999999966e+00 3.261030435562133789e+00
3.327909999999999702e+00 3.321130514144897461e+00
3.281260000000000066e+00 3.248164176940917969e+00
1.002544999999999999e-02 1.004189532250165939e-02
2.008842999999999740e-02 2.007143571972846985e-02
3.022741999999999443e-02 3.034088574349880219e-02
4.045971000000000983e-02 4.041563346982002258e-02
5.073183999999999333e-02 5.079410225152969360e-02
8.254621000000000874e-02 8.290398120880126953e-02
1.051538000000000195e-01 1.045168116688728333e-01
1.732339999999999991e-01 1.737616807222366333e-01
2.741101000000000232e-01 2.759837210178375244e-01
5.993559999999999999e-01 6.031999588012695312e-01
1.341220999999999997e+00 1.397388935089111328e+00
1.925885999999999987e+00 1.861104965209960938e+00
1.958734999999999893e+00 2.003311157226562500e+00
1.002542000000000190e-02 9.994325228035449982e-03
2.008681000000000355e-02 2.008241973817348480e-02
3.021924999999999958e-02 3.034990653395652771e-02
4.043530999999999515e-02 4.056287929415702820e-02
5.064285000000000314e-02 5.065124109387397766e-02
8.176728999999999248e-02 8.211159706115722656e-02
1.027882999999999991e-01 1.040312051773071289e-01
1.565866999999999953e-01 1.595209687948226929e-01
2.123653999999999820e-01 2.151933014392852783e-01
3.321947000000000094e-01 3.322418034076690674e-01
6.160115999999999925e-01 6.251185536384582520e-01
9.200360999999999123e-01 9.004353284835815430e-01
1.101799999999999891e+00 1.089864850044250488e+00
1.002542000000000190e-02 1.002729684114456177e-02
2.008679000000000367e-02 2.012922987341880798e-02
3.021916999999999312e-02 3.036063723266124725e-02
4.043506000000000183e-02 4.062903672456741333e-02
5.064194999999998420e-02 5.071293935179710388e-02
8.175948000000000937e-02 8.141107857227325439e-02
1.027644999999999947e-01 1.024250984191894531e-01
1.564138999999999946e-01 1.558416634798049927e-01
2.116577000000000597e-01 2.106736302375793457e-01
3.272169000000000327e-01 3.262021243572235107e-01
5.774736000000000313e-01 5.826340913772583008e-01
8.221744000000000829e-01 8.215180039405822754e-01
1.001430999999999960e+00 9.977796673774719238e-01
1.002542000000000190e-02 1.002804562449455261e-02
2.008679000000000367e-02 2.013010904192924500e-02
3.023966999999999627e-02 3.036068007349967957e-02
4.043506000000000183e-02 4.063002020120620728e-02
5.064193999999999640e-02 5.071387067437171936e-02
8.175939999999999597e-02 8.139812201261520386e-02
1.027643000000000167e-01 1.023948490619659424e-01
1.564120999999999984e-01 1.557674258947372437e-01
2.116505999999999943e-01 2.105748355388641357e-01
3.271654999999999980e-01 3.260864317417144775e-01
5.769554000000000071e-01 5.819701552391052246e-01
8.207665999999999018e-01 8.202161192893981934e-01
1.000000000000000000e+00 9.962111115455627441e-01
2.714970000000000230e-02 2.700831368565559387e-02
2.100695999999999952e-01 2.130723744630813599e-01
6.972391000000000005e-01 7.006436586380004883e-01
1.587013999999999925e+00 1.620488286018371582e+00
2.857657000000000114e+00 2.894227027893066406e+00
7.330292000000000030e+00 7.439088821411132812e+00
9.682741999999999294e+00 9.517902374267578125e+00
1.083338000000000001e+01 1.118728351593017578e+01
1.131896000000000413e+01 1.158253288269042969e+01
1.205081000000000024e+01 1.200990104675292969e+01
1.169439000000000384e+01 1.168900108337402344e+01
1.152860000000000262e+01 1.146914958953857422e+01
1.137743000000000038e+01 1.139641571044921875e+01
1.031028000000000153e-02 1.035658270120620728e-02
2.853601999999999875e-02 2.865046076476573944e-02
7.561801000000001327e-02 7.540117204189300537e-02
1.724143999999999954e-01 1.734090149402618408e-01
3.346694000000000613e-01 3.330692946910858154e-01
1.245854999999999935e+00 1.229118824005126953e+00
2.152736999999999679e+00 2.185908079147338867e+00
4.465137999999999607e+00 4.518739223480224609e+00
5.805741000000001151e+00 5.702696800231933594e+00
6.286616000000000426e+00 6.297413349151611328e+00
6.349711000000000105e+00 6.235039234161376953e+00
6.235641000000000211e+00 6.094178199768066406e+00
6.133316000000000656e+00 5.951782703399658203e+00
1.002829000000000047e-02 1.000887248665094376e-02
2.019362999999999714e-02 2.014749310910701752e-02
3.085059000000000412e-02 3.075600601732730865e-02
4.287065000000000320e-02 4.290264472365379333e-02
5.798820999999999143e-02 5.756109952926635742e-02
1.454821000000000308e-01 1.467295587062835693e-01
2.653287999999999758e-01 2.686681151390075684e-01
8.156392000000000087e-01 8.235189318656921387e-01
1.588268000000000013e+00 1.598054766654968262e+00
2.845474999999999977e+00 2.824005365371704102e+00
3.666374999999999940e+00 3.569295406341552734e+00
3.533072999999999908e+00 3.574717044830322266e+00
3.469180999999999404e+00 3.488637924194335938e+00
1.002544999999999999e-02 1.004537940025329590e-02
2.008842999999999740e-02 2.009116485714912415e-02
3.022741999999999443e-02 3.034310974180698395e-02
4.045971000000000983e-02 4.039571434259414673e-02
5.073184999999998807e-02 5.074151232838630676e-02
8.254641999999998148e-02 8.278296142816543579e-02
1.051562000000000052e-01 1.044046953320503235e-01
1.734107000000000287e-01 1.750065535306930542e-01
2.770039999999999725e-01 2.839951813220977783e-01
6.556841999999999393e-01 6.676580309867858887e-01
1.552750000000000075e+00 1.557006955146789551e+00
2.003916999999999948e+00 1.930140256881713867e+00
2.015497000000000316e+00 2.041647911071777344e+00
1.002542000000000190e-02 9.989805519580841064e-03
2.008681000000000355e-02 2.007603645324707031e-02
3.021924999999999958e-02 3.031924739480018616e-02
4.043530999999999515e-02 4.054941982030868530e-02
5.064285000000000314e-02 5.066617578268051147e-02
8.176728999999999248e-02 8.215716481208801270e-02
1.027882999999999991e-01 1.040267795324325562e-01
1.565866999999999953e-01 1.594129055738449097e-01
2.123661000000000298e-01 2.150260657072067261e-01
3.322689000000000337e-01 3.307493925094604492e-01
6.223609999999999420e-01 6.221830844879150391e-01
9.297370000000000356e-01 9.120482802391052246e-01
1.108967999999999954e+00 1.104420542716979980e+00
1.002542000000000190e-02 1.002025324851274490e-02
2.008679000000000367e-02 2.011857554316520691e-02
3.021916999999999312e-02 3.032230958342552185e-02
4.043506000000000183e-02 4.060952737927436829e-02
5.064194999999998420e-02 5.072775110602378845e-02
8.175948000000000937e-02 8.148342370986938477e-02
1.027644999999999947e-01 1.024547889828681946e-01
1.564138999999999946e-01 1.557421535253524780e-01
2.116577000000000597e-01 2.104703187942504883e-01
3.272169000000000327e-01 3.249197006225585938e-01
5.774766999999999539e-01 5.725426673889160156e-01
8.222061999999999982e-01 8.212542533874511719e-01
1.001449000000000034e+00 1.003436088562011719e+00
1.002542000000000190e-02 1.002095174044370651e-02
2.008679000000000367e-02 2.011939696967601776e-02
3.023966999999999627e-02 3.032222762703895569e-02
4.043506000000000183e-02 4.061039537191390991e-02
5.064193999999999640e-02 5.072863027453422546e-02
8.175939999999999597e-02 8.147087693214416504e-02
1.027643000000000167e-01 1.024251803755760193e-01
1.564120999999999984e-01 1.556681692600250244e-01
2.116505999999999943e-01 2.103712111711502075e-01
3.271654999999999980e-01 3.248091042041778564e-01
5.769554000000000071e-01 5.717935562133789062e-01
8.207665999999999018e-01 8.197618126869201660e-01
1.000000000000000000e+00 1.001705169677734375e+00
2.687348999999999433e-01 2.705998122692108154e-01
2.073468000000000089e+00 2.076492071151733398e+00
6.539472999999999203e+00 6.512759685516357422e+00
1.327124999999999844e+01 1.323231029510498047e+01
2.003359999999999630e+01 1.974285888671875000e+01
2.835322000000000386e+01 2.826751518249511719e+01
2.928252000000000166e+01 2.916346359252929688e+01
2.881546000000000163e+01 2.901951980590820312e+01
2.810291999999999746e+01 2.836161804199218750e+01
2.716707000000000960e+01 2.778651428222656250e+01
2.719442999999999344e+01 2.791049385070800781e+01
2.653340999999999283e+01 2.743208122253417969e+01
2.678284999999999982e+01 2.705533981323242188e+01
1.002829000000000047e-02 1.002192590385675430e-02
2.019362999999999714e-02 2.026109583675861359e-02
3.085061999999999180e-02 3.079880401492118835e-02
4.287083000000000560e-02 4.297178238630294800e-02
5.799000000000000682e-02 5.770848318934440613e-02
1.456605999999999734e-01 1.456563472747802734e-01
2.669104999999999950e-01 2.675735354423522949e-01
8.569014999999999826e-01 8.704600930213928223e-01
1.834829000000000043e+00 1.870132803916931152e+00
3.751527999999999530e+00 3.726058483123779297e+00
4.426930000000000476e+00 4.387395381927490234e+00
4.247334999999999638e+00 4.251630783081054688e+00
4.130112000000000450e+00 4.117497920989990234e+00
1.002542000000000190e-02 9.994731284677982330e-03
2.008681000000000355e-02 2.009432390332221985e-02
3.021924999999999958e-02 3.022696822881698608e-02
4.043530999999999515e-02 4.047784954309463501e-02
5.064285000000000314e-02 5.066689848899841309e-02
8.176728999999999248e-02 8.221460133790969849e-02
1.027882999999999991e-01 1.038841903209686279e-01
1.565868000000000260e-01 1.589457094669342041e-01
2.123663000000000078e-01 2.148071676492691040e-01
3.322897999999999685e-01 3.318134546279907227e-01
6.267303000000000734e-01 6.265497207641601562e-01
9.423570000000000002e-01 9.338297843933105469e-01
1.117311000000000165e+00 1.117401242256164551e+00
1.002542000000000190e-02 1.001614984124898911e-02
2.008679000000000367e-02 2.012402564287185669e-02
3.021916999999999312e-02 3.020695596933364868e-02
4.043506000000000183e-02 4.051880165934562683e-02
5.064194999999998420e-02 5.072726309299468994e-02
8.175948000000000937e-02 8.163619786500930786e-02
1.027644999999999947e-01 1.024461537599563599e-01
1.564138999999999946e-01 1.553225815296173096e-01
2.116577000000000597e-01 2.099885344505310059e-01
3.272169000000000327e-01 3.256813585758209229e-01
5.774774999999999769e-01 5.724680423736572266e-01
8.222173000000000398e-01 8.296856880187988281e-01
1.001457000000000042e+00 1.003917574882507324e+00
1.002542000000000190e-02 1.001670025289058685e-02
2.008679000000000367e-02 2.012461237609386444e-02
3.023966999999999627e-02 3.020644187927246094e-02
4.043506000000000183e-02 4.051928222179412842e-02
5.064193999999999640e-02 5.072808638215065002e-02
8.175939999999999597e-02 8.162534981966018677e-02
1.027643000000000167e-01 1.024190485477447510e-01
1.564120999999999984e-01 1.552503257989883423e-01
2.116505999999999943e-01 2.098861336708068848e-01
3.271654999999999980e-01 3.255599737167358398e-01
5.769554000000000071e-01 5.716808438301086426e-01
8.207665999999999018e-01 8.280118107795715332e-01
1.000000000000000000e+00 1.002000808715820312e+00
2.687394000000000172e-01 2.679676413536071777e-01
2.075698000000000043e+00 2.084731578826904297e+00
6.601446000000001924e+00 6.649190902709960938e+00
1.361539000000000144e+01 1.377934169769287109e+01
2.084767000000000081e+01 2.085945892333984375e+01
2.940756000000000014e+01 2.984583091735839844e+01
3.054895999999999390e+01 3.054974937438964844e+01
3.135938999999999410e+01 3.127371025085449219e+01
3.146390999999999138e+01 3.180475616455078125e+01
3.153716000000000363e+01 3.150091743469238281e+01
3.158691999999999922e+01 3.117271614074707031e+01
3.155488000000000426e+01 3.176960182189941406e+01
3.160545999999999722e+01 3.175628089904785156e+01
1.002829000000000047e-02 1.003429014235734940e-02
2.019362999999999714e-02 2.037638798356056213e-02
3.085061999999999180e-02 3.090228512883186340e-02
4.287085000000000201e-02 4.320795834064483643e-02
5.799011000000001137e-02 5.820466205477714539e-02
1.456630000000000147e-01 1.456028819084167480e-01
2.669329999999999203e-01 2.645612955093383789e-01
8.581180000000000474e-01 8.490312695503234863e-01
1.850220999999999894e+00 1.847568631172180176e+00
3.881149999999999878e+00 3.887593507766723633e+00
4.748442000000000718e+00 4.734850883483886719e+00
4.747181000000000317e+00 4.708736419677734375e+00
4.687939000000000078e+00 4.689786434173583984e+00
1.002542000000000190e-02 1.001298893243074417e-02
2.008681000000000355e-02 2.013305388391017914e-02
3.021924999999999958e-02 3.016259521245956421e-02
4.043530999999999515e-02 4.040788859128952026e-02
5.064285000000000314e-02 5.064766854047775269e-02
8.176728999999999248e-02 8.230932056903839111e-02
1.027882999999999991e-01 1.039157956838607788e-01
1.565868000000000260e-01 1.589428633451461792e-01
2.123663000000000078e-01 2.150569558143615723e-01
3.322900000000000298e-01 3.340941071510314941e-01
6.268123999999999363e-01 6.283279657363891602e-01
9.432444999999999302e-01 9.298003911972045898e-01
1.117796000000000012e+00 1.115416526794433594e+00
1.002542000000000190e-02 1.002694480121135712e-02
2.008679000000000367e-02 2.015357837080955505e-02
3.021916999999999312e-02 3.012638725340366364e-02
4.043506000000000183e-02 4.043401777744293213e-02
5.064194999999998420e-02 5.070371180772781372e-02
8.175948000000000937e-02 8.178768306970596313e-02
1.027644999999999947e-01 1.025590375065803528e-01
1.564138999999999946e-01 1.553661972284317017e-01
2.116577000000000597e-01 2.101138532161712646e-01
3.272169000000000327e-01 3.272795081138610840e-01
5.774776000000000353e-01 5.783239603042602539e-01
8.222174999999999345e-01 8.285325169563293457e-01
1.001457000000000042e+00 9.997282028198242188e-01
1.002542000000000190e-02 1.002735178917646408e-02
2.008679000000000367e-02 2.015397697687149048e-02
3.023966999999999627e-02 3.012557700276374817e-02
4.043506000000000183e-02 4.043423011898994446e-02
5.064193999999999640e-02 5.070440471172332764e-02
8.175939999999999597e-02 8.177773654460906982e-02
1.027643000000000167e-01 1.025334522128105164e-01
1.564120999999999984e-01 1.552952677011489868e-01
2.116505999999999943e-01 2.100100666284561157e-01
3.271654999999999980e-01 3.271436095237731934e-01
5.769554000000000071e-01 5.775923728942871094e-01
8.207665999999999018e-01 8.269331455230712891e-01
1.000000000000000000e+00 9.978182315826416016e-01
2.687450999999999590e-01 2.677777409553527832e-01
2.075727999999999795e+00 2.086691379547119141e+00
6.603211000000000830e+00 6.660453319549560547e+00
1.363143999999999956e+01 1.381466388702392578e+01
2.090209999999999724e+01 2.092767715454101562e+01
2.960135999999999967e+01 2.994710540771484375e+01
3.083316000000000301e+01 3.062778472900390625e+01
3.185841000000000278e+01 3.136651611328125000e+01
3.206284000000000134e+01 3.199287605285644531e+01
3.206019000000000574e+01 3.189447975158691406e+01
3.196071999999999846e+01 3.150889015197753906e+01
3.192693999999999477e+01 3.211525344848632812e+01
3.198890000000000100e+01 3.211416244506835938e+01
1.002829000000000047e-02 1.003521028906106949e-02
2.019362999999999714e-02 2.038453333079814911e-02
3.085062999999999347e-02 3.091015666723251343e-02
4.287098999999999771e-02 4.322709143161773682e-02
5.799020999999999343e-02 5.824714526534080505e-02
1.456657999999999842e-01 1.456657052040100098e-01
2.669381000000000115e-01 2.645034492015838623e-01
8.581153000000000253e-01 8.478015661239624023e-01
1.850377999999999856e+00 1.845056056976318359e+00
3.884338999999999764e+00 3.894246101379394531e+00
4.771183000000000618e+00 4.755162715911865234e+00
4.779688000000001047e+00 4.732128143310546875e+00
4.730106000000000144e+00 4.716259956359863281e+00
1.002542000000000190e-02 1.001460012048482895e-02
2.008681000000000355e-02 2.013616077601909637e-02
3.021924999999999958e-02 3.015831485390663147e-02
4.043530999999999515e-02 4.040277749300003052e-02
5.064285000000000314e-02 5.064602568745613098e-02
8.176728999999999248e-02 8.231788128614425659e-02
1.027882999999999991e-01 1.039232686161994934e-01
1.565868000000000260e-01 1.589556783437728882e-01
2.123663000000000078e-01 2.150878012180328369e-01
3.322900000000000298e-01 3.342416286468505859e-01
6.268124999999999947e-01 6.284729242324829102e-01
9.432507999999999448e-01 9.294896721839904785e-01
1.118851000000000040e+00 1.115333437919616699e+00
1.002542000000000190e-02 1.002804562449455261e-02
2.008679999999999841e-02 2.015606686472892761e-02
3.021916999999999312e-02 3.012104518711566925e-02
4.043508000000000518e-02 4.042792692780494690e-02
5.064196000000000669e-02 5.070165172219276428e-02
8.175948000000000937e-02 8.179955929517745972e-02
1.027644999999999947e-01 1.025711968541145325e-01
1.564138999999999946e-01 1.553822308778762817e-01
2.116577000000000597e-01 2.101395726203918457e-01
3.272169000000000327e-01 3.273841738700866699e-01
5.774776000000000353e-01 5.787411332130432129e-01
8.222174999999999345e-01 8.285138010978698730e-01
1.001457000000000042e+00 9.996101856231689453e-01
1.002542000000000190e-02 1.002844143658876419e-02
2.008679000000000367e-02 2.015645988285541534e-02
3.023966999999999627e-02 3.012020140886306763e-02
4.043506000000000183e-02 4.042808338999748230e-02
5.064193999999999640e-02 5.070233345031738281e-02
8.175939999999999597e-02 8.178974688053131104e-02
1.027643000000000167e-01 1.025457233190536499e-01
1.564120999999999984e-01 1.553113609552383423e-01
2.116505999999999943e-01 2.100356072187423706e-01
3.271654999999999980e-01 3.272471129894256592e-01
5.769554000000000071e-01 5.780129432678222656e-01
8.207665999999999018e-01 8.269200921058654785e-01
1.000000000000000000e+00 9.977020621299743652e-01
