1.000000000000000000e+00 9.999570250511169434e-01
1.000014999999999876e+00 9.999902248382568359e-01
1.000364999999999949e+00 1.000120639801025391e+00
1.001457000000000042e+00 1.001994490623474121e+00
1.005784000000000011e+00 1.004261016845703125e+00
1.012850000000000028e+00 1.014383792877197266e+00
1.022452000000000139e+00 1.023594260215759277e+00
1.034335000000000004e+00 1.034316539764404297e+00
1.048212999999999839e+00 1.047505021095275879e+00
1.063787000000000038e+00 1.062953114509582520e+00
1.080765999999999893e+00 1.080152869224548340e+00
1.098875999999999964e+00 1.098621010780334473e+00
1.117866000000000026e+00 1.117966890335083008e+00
1.157642999999999978e+00 1.158204674720764160e+00
1.219363999999999892e+00 1.219973921775817871e+00
1.321123000000000047e+00 1.321286439895629883e+00
1.504528000000000088e+00 1.504265427589416504e+00
1.789200999999999819e+00 1.788481473922729492e+00
2.001615000000000144e+00 2.001338243484497070e+00
2.245416000000000079e+00 2.246216535568237305e+00
2.780533000000000143e+00 2.782675266265869141e+00
3.143079999999999874e+00 3.144761800765991211e+00
4.522562999999999889e+00 4.521028041839599609e+00
6.264391000000001597e+00 6.268477916717529297e+00
8.830655000000000143e+00 8.849219322204589844e+00
1.195857999999999954e+01 1.197186279296875000e+01
1.655186000000000135e+01 1.652734947204589844e+01
2.215348999999999435e+01 2.210876846313476562e+01
3.035774000000001038e+01 3.033961105346679688e+01
3.632988999999999180e+01 3.628505706787109375e+01
3.033334999999999670e+00 3.033160448074340820e+00
3.078910000000000036e+00 3.077807426452636719e+00
3.115168999999999855e+00 3.113431215286254883e+00
3.171642999999999990e+00 3.171667337417602539e+00
3.219460999999999462e+00 3.220100402832031250e+00
3.281260000000000066e+00 3.281934976577758789e+00
3.366323000000000842e+00 3.367118835449218750e+00
3.437441000000000191e+00 3.437735557556152344e+00
3.549962000000000284e+00 3.550689458847045898e+00
3.709964999999999957e+00 3.708496093750000000e+00
3.816014000000000017e+00 3.815107583999633789e+00
3.928350000000000009e+00 3.925443172454833984e+00
4.044919999999999405e+00 4.046473503112792969e+00
4.130112000000000450e+00 4.131731510162353516e+00
4.257980999999999128e+00 4.255834579467773438e+00
4.421304999999999374e+00 4.418146610260009766e+00
4.603972000000000619e+00 4.601026535034179688e+00
4.687939000000000078e+00 4.688387870788574219e+00
4.710727000000000331e+00 4.708402156829833984e+00
4.722841999999999985e+00 4.720495223999023438e+00
4.727926999999999325e+00 4.727645397186279297e+00
4.729585000000000150e+00 4.728963375091552734e+00
4.730106000000000144e+00 4.727637767791748047e+00
4.730112999999999346e+00 4.727440834045410156e+00
1.000000000000000000e+00 9.995787143707275391e-01
1.000014999999999876e+00 9.996127486228942871e-01
1.000364999999999949e+00 9.997462034225463867e-01
1.001455999999999902e+00 1.001664757728576660e+00
1.005759999999999987e+00 1.003977417945861816e+00
1.012744000000000089e+00 1.014226913452148438e+00
1.022169000000000105e+00 1.023441791534423828e+00
1.033749999999999947e+00 1.034051299095153809e+00
1.047182999999999975e+00 1.046943664550781250e+00
1.062162999999999968e+00 1.061856627464294434e+00
1.078392999999999935e+00 1.078264355659484863e+00
1.095605999999999858e+00 1.095700979232788086e+00
1.113558000000000048e+00 1.113817453384399414e+00
1.150875000000000092e+00 1.151179432868957520e+00
1.208110000000000017e+00 1.208081722259521484e+00
1.300936000000000092e+00 1.300569176673889160e+00
1.463985000000000092e+00 1.463941454887390137e+00
1.707391999999999799e+00 1.707379817962646484e+00
1.882209000000000021e+00 1.882275223731994629e+00
2.076522999999999897e+00 2.076609134674072266e+00
2.482306000000000346e+00 2.481954097747802734e+00
2.744105999999999934e+00 2.744366168975830078e+00
4.930587000000000053e+00 4.932986736297607422e+00
6.795818999999998944e+00 6.800669193267822266e+00
9.143603000000000591e+00 9.140688896179199219e+00
1.265626999999999569e+01 1.263661003112792969e+01
1.701128999999999536e+01 1.697184562683105469e+01
2.353919999999999746e+01 2.344856262207031250e+01
2.835232000000000241e+01 2.822857475280761719e+01
2.432611999999999952e+01 2.438064193725585938e+01
2.510700999999999894e+01 2.533768081665039062e+01
2.606997000000000497e+01 2.637735748291015625e+01
2.678284999999999982e+01 2.710291099548339844e+01
2.865722999999999487e+01 2.814843940734863281e+01
2.954962000000000089e+01 2.949652862548828125e+01
3.092539999999999267e+01 3.098910522460937500e+01
3.160545999999999722e+01 3.169237136840820312e+01
3.177972999999999359e+01 3.185261535644531250e+01
3.189240999999999815e+01 3.194930458068847656e+01
3.195457999999999288e+01 3.200638580322265625e+01
3.198612999999999573e+01 3.201692199707031250e+01
3.198890000000000100e+01 3.200632476806640625e+01
3.199099000000001070e+01 3.200478744506835938e+01
