6.020307773724198341e-04 6.140129989944398403e-04
6.012167432345449924e-04 6.335760699585080147e-04
6.024125032126903534e-04 6.012723897583782673e-04
5.864009144715964794e-04 5.861688987351953983e-04
5.973297520540654659e-04 5.971667706035077572e-04
6.116942386142909527e-04 5.936163943260908127e-04
5.942271673120558262e-04 6.124633946456015110e-04
5.880679236724972725e-04 6.320663960650563240e-04
5.984344170428812504e-04 6.013152888044714928e-04
5.954498192295432091e-04 5.907441372983157635e-04
6.030588410794734955e-04 5.903532146476209164e-04
5.984862218610942364e-04 5.973314400762319565e-04
5.895145004615187645e-04 6.114349234849214554e-04
5.943035939708352089e-04 5.889175808988511562e-04
5.858618533238768578e-04 5.800137878395617008e-04
5.911150947213172913e-04 5.776089965365827084e-04
5.937195383012294769e-04 5.934749497100710869e-04
5.914706271141767502e-04 6.025693146511912346e-04
5.859442753717303276e-04 5.953420186415314674e-04
5.851046880707144737e-04 5.843564867973327637e-04
5.882919649593532085e-04 5.797283374704420567e-04
5.919992690905928612e-04 5.783562664873898029e-04
5.874590133316814899e-04 5.918970564380288124e-04
5.840439116582274437e-04 6.053122342564165592e-04
5.886026192456483841e-04 5.952154751867055893e-04
5.887387669645249844e-04 5.800931830890476704e-04
5.879639065824449062e-04 5.792037700302898884e-04
5.880134413018822670e-04 5.886269500479102135e-04
5.873527843505144119e-04 5.962508148513734341e-04
5.873420159332454205e-04 5.897516966797411442e-04
5.845353007316589355e-04 5.824493127875030041e-04
5.862620892003178596e-04 5.818734061904251575e-04
5.887228180654346943e-04 5.864200065843760967e-04
5.877596559002995491e-04 5.907800514250993729e-04
5.850262241438031197e-04 5.905745201744139194e-04
5.846682470291852951e-04 5.873756017535924911e-04
5.869120941497385502e-04 5.832203314639627934e-04
5.876966170035302639e-04 5.824408144690096378e-04
5.865035345777869225e-04 5.885783466510474682e-04
5.856383941136300564e-04 5.939703551121056080e-04
5.867586587555706501e-04 5.899835377931594849e-04
5.866891588084399700e-04 5.833639297634363174e-04
5.863304832018911839e-04 5.821851664222776890e-04
5.866274586878716946e-04 5.866452702321112156e-04
5.867721629329025745e-04 5.900586256757378578e-04
5.863996339030563831e-04 5.892059416510164738e-04
5.854860646650195122e-04 5.856451462022960186e-04
5.860239616595208645e-04 5.842829705215990543e-04
5.870374152436852455e-04 5.850549205206334591e-04
5.864795530214905739e-04 5.866456776857376099e-04
5.852906615473330021e-04 5.872134352102875710e-04
5.852777976542711258e-04 5.861316458322107792e-04
5.862168618477880955e-04 5.838103825226426125e-04
5.863812402822077274e-04 5.837884964421391487e-04
5.859485827386379242e-04 5.866828141734004021e-04
5.858451477251946926e-04 5.889617023058235645e-04
5.862275720573961735e-04 5.872448091395199299e-04
5.860844394192099571e-04 5.842134705744683743e-04
5.858761724084615707e-04 5.837335484102368355e-04
5.860942183062434196e-04 5.856195930391550064e-04
5.863092374056577682e-04 5.874239723198115826e-04
5.860120290890336037e-04 5.874414346180856228e-04
5.857605137862265110e-04 5.860486417077481747e-04
5.860895034857094288e-04 5.854330374859273434e-04
5.864982376806437969e-04 5.855694762431085110e-04
5.862042307853698730e-04 5.862907273694872856e-04
5.857119685970246792e-04 5.868124426342546940e-04
5.857739015482366085e-04 5.863449187017977238e-04
5.861225072294473648e-04 5.852254107594490051e-04
5.860950914211571217e-04 5.851398454979062080e-04
5.859264056198298931e-04 5.864227423444390297e-04
5.859452066943049431e-04 5.873485351912677288e-04
5.860647652298212051e-04 5.865589482709765434e-04
5.859401426278054714e-04 5.852919421158730984e-04
5.858908989466726780e-04 5.851928726769983768e-04
5.860695964656770229e-04 5.860457313247025013e-04
5.861481768079102039e-04 5.867215222679078579e-04
5.859198863618075848e-04 5.866522551514208317e-04
5.858311196789145470e-04 5.859609809704124928e-04
5.860216915607452393e-04 5.856203497387468815e-04
5.861798999831080437e-04 5.855460767634212971e-04
5.860129022039473057e-04 5.859811208210885525e-04
5.858431686647236347e-04 5.863615660928189754e-04
5.859408993273973465e-04 5.861142417415976524e-04
5.860546953044831753e-04 5.854980554431676865e-04
5.860124947503209114e-04 5.854504415765404701e-04
5.859431112185120583e-04 5.860372330062091351e-04
5.859781522303819656e-04 5.863139522261917591e-04
5.859902594238519669e-04 5.859129596501588821e-04
5.859091761521995068e-04 5.854624905623495579e-04
5.859357770532369614e-04 5.855719791725277901e-04
5.860373494215309620e-04 5.859872908331453800e-04
5.860328674316406250e-04 5.862543475814163685e-04
5.859291413798928261e-04 5.861533572897315025e-04
5.859172670170664787e-04 5.858908989466726780e-04
5.860046367160975933e-04 5.856920033693313599e-04
5.860347882844507694e-04 5.857322248630225658e-04
5.859557422809302807e-04 5.859845550730824471e-04
5.859107477590441704e-04 5.861700046807527542e-04
5.859615630470216274e-04 5.859927041456103325e-04
5.859901430085301399e-04 5.857368814758956432e-04
5.859584198333323002e-04 5.858026561327278614e-04
5.859490483999252319e-04 5.860673845745623112e-04
5.859684315510094166e-04 5.861034151166677475e-04
5.859446828253567219e-04 5.858607473783195019e-04
5.859150551259517670e-04 5.857128999195992947e-04
5.859386292286217213e-04 5.858023068867623806e-04
5.859807133674621582e-04 5.859865341335535049e-04
5.859582452103495598e-04 5.860418896190822124e-04
5.859229713678359985e-04 5.859915399923920631e-04
5.859406082890927792e-04 5.858556833118200302e-04
5.859812954440712929e-04 5.857805954292416573e-04
5.859716911800205708e-04 5.858630756847560406e-04
5.859341472387313843e-04 5.859907832928001881e-04
5.859214579686522484e-04 5.859915399923920631e-04
5.859475932084023952e-04 5.858587683178484440e-04
5.859560915268957615e-04 5.857686046510934830e-04
5.859413649886846542e-04 5.858386866748332977e-04
5.859337979927659035e-04 5.859907832928001881e-04
5.859349621459841728e-04 5.859659868292510509e-04
5.859349039383232594e-04 5.858390359207987785e-04
5.859258235432207584e-04 5.857887445017695427e-04
5.859297234565019608e-04 5.858530057594180107e-04
5.859487573616206646e-04 5.859509110450744629e-04
5.859209923073649406e-04 5.859400844201445580e-04
5.859004450030624866e-04 5.859060329385101795e-04
5.859149969182908535e-04 5.858603399246931076e-04
5.859429948031902313e-04 5.858444492332637310e-04
5.859404918737709522e-04 5.858653457835316658e-04
5.859165103174746037e-04 5.859292577952146530e-04
5.859155207872390747e-04 5.859636585228145123e-04
5.859295488335192204e-04 5.858889780938625336e-04
5.859291995875537395e-04 5.858293734490871429e-04
5.859119119122624397e-04 5.858711665496230125e-04
5.859196535311639309e-04 5.859354278072714806e-04
5.859250668436288834e-04 5.859361845068633556e-04
5.859097000211477280e-04 5.858797230757772923e-04
5.859049269929528236e-04 5.858587683178484440e-04
5.859172088094055653e-04 5.858835647813975811e-04
5.859202356077730656e-04 5.859028897248208523e-04
5.859008524566888809e-04 5.858982913196086884e-04
5.858981166966259480e-04 5.859063821844756603e-04
5.859060329385101795e-04 5.858673248440027237e-04
5.859111552126705647e-04 5.858502699993550777e-04
5.859022494405508041e-04 5.858932272531092167e-04
5.858990480192005634e-04 5.859145312570035458e-04
5.859013763256371021e-04 5.858917138539254665e-04
5.858934018760919571e-04 5.858708173036575317e-04
5.858995718881487846e-04 5.858673248440027237e-04
5.859066150151193142e-04 5.858556833118200302e-04
5.858964286744594574e-04 5.858913064002990723e-04
5.858817603439092636e-04 5.859028897248208523e-04
5.858919466845691204e-04 5.859095253981649876e-04
5.858944496139883995e-04 5.858630756847560406e-04
5.858959630131721497e-04 5.858444492332637310e-04
5.858928197994828224e-04 5.858843214809894562e-04
5.858861259184777737e-04 5.859361845068633556e-04
5.858863587491214275e-04 5.859002121724188328e-04
5.858890363015234470e-04 5.858576623722910881e-04
5.858871154487133026e-04 5.858564982190728188e-04
5.858920048922300339e-04 5.859071970917284489e-04
5.858911899849772453e-04 5.859009688720107079e-04
5.858748918399214745e-04 5.858874646946787834e-04
5.858823424205183983e-04 5.858804797753691673e-04
5.858886870555579662e-04 5.858793156221508980e-04
5.858835065737366676e-04 5.858785589225590229e-04
5.858891527168452740e-04 5.858959630131721497e-04
5.858738441020250320e-04 5.859079537913203239e-04
5.858738441020250320e-04 5.859095253981649876e-04
5.858837394043803215e-04 5.858905497007071972e-04
5.858705844730138779e-04 5.858797230757772923e-04
5.858719814568758011e-04 5.858878139406442642e-04
5.858745425939559937e-04 5.858908989466726780e-04
5.858720396645367146e-04 5.859052180312573910e-04
5.858664517290890217e-04 5.858913064002990723e-04
5.858732620254158974e-04 5.858696531504392624e-04
5.858708755113184452e-04 5.858793156221508980e-04
5.858698859810829163e-04 5.859338562004268169e-04
5.858697695657610893e-04 5.859226803295314312e-04
5.858640070073306561e-04 5.858711665496230125e-04
5.858589429408311844e-04 5.858704098500311375e-04
5.858730874024331570e-04 5.858936347067356110e-04
5.858658696524798870e-04 5.859110387973487377e-04
5.858592339791357517e-04 5.859087104909121990e-04
5.858459626324474812e-04 5.859191878698766232e-04
5.858623771928250790e-04 5.858870572410523891e-04
5.858561489731073380e-04 5.858816439285874367e-04
5.858482909388840199e-04 5.859083612449467182e-04
5.858504446223378181e-04 5.859377561137080193e-04
5.858524818904697895e-04 5.858920630998909473e-04
5.858470685780048370e-04 5.858553340658545494e-04
5.858463700860738754e-04 5.859040538780391216e-04
5.858541117049753666e-04 5.859141238033771515e-04
5.858517833985388279e-04 5.859129596501588821e-04
5.858361255377531052e-04 5.859040538780391216e-04
5.858352524228394032e-04 5.858839722350239754e-04
5.858576623722910881e-04 5.858626682311296463e-04
5.858444492332637310e-04 5.858781514689326286e-04
5.858335061930119991e-04 5.859323428012430668e-04
5.858369986526668072e-04 5.859365919604897499e-04
5.858468357473611832e-04 5.858661606907844543e-04
5.858473014086484909e-04 5.858692456968128681e-04
5.858351942151784897e-04 5.858994554728269577e-04
5.858398508280515671e-04 5.859304219484329224e-04
5.858300719410181046e-04 5.858746590092778206e-04
5.858203512616455555e-04 5.858986405655741692e-04
5.858382792212069035e-04 5.858998047187924385e-04
5.858366494067013264e-04 5.858835647813975811e-04
5.858170334249734879e-04 5.859137745574116707e-04
5.858164513483643532e-04 5.859152879565954208e-04
5.858392105437815189e-04 5.858828080818057060e-04
5.858320510014891624e-04 5.858619115315377712e-04
5.858116201125085354e-04 5.859117954969406128e-04
5.858261720277369022e-04 5.859292577952146530e-04
5.858272779732942581e-04 5.858858930878341198e-04
5.858145304955542088e-04 5.858619115315377712e-04
5.858188378624618053e-04 5.859040538780391216e-04
5.858186050318181515e-04 5.859114462509751320e-04
5.858149379491806030e-04 5.858808290213346481e-04
5.857977084815502167e-04 5.858866497874259949e-04
5.858230288140475750e-04 5.858971271663904190e-04
5.858189542777836323e-04 5.858843214809894562e-04
5.858108634129166603e-04 5.858963122591376305e-04
5.857976502738893032e-04 5.859284428879618645e-04
5.858202348463237286e-04 5.859172670170664787e-04
5.858088261447846889e-04 5.858634249307215214e-04
5.857908399775624275e-04 5.859037046320736408e-04
5.857987562194466591e-04 5.859415978193283081e-04
5.858130753040313721e-04 5.858812364749610424e-04
5.857986398041248322e-04 5.858564982190728188e-04
5.857927026227116585e-04 5.858936347067356110e-04
5.858187214471399784e-04 5.859048687852919102e-04
5.858062068000435829e-04 5.858943914063274860e-04
5.857886862941086292e-04 5.859246011823415756e-04
5.858004442416131496e-04 5.859129596501588821e-04
5.858030053786933422e-04 5.858584190718829632e-04
5.857876967638731003e-04 5.858657532371580601e-04
5.857882206328213215e-04 5.859149387106299400e-04
5.857963114976882935e-04 5.859056254848837852e-04
5.857951473444700241e-04 5.858673248440027237e-04
5.857807700522243977e-04 5.858781514689326286e-04
5.857875221408903599e-04 5.859311786480247974e-04
5.857998621650040150e-04 5.858897347934544086e-04
5.857835058122873306e-04 5.858951481059193611e-04
5.857851938344538212e-04 5.859129596501588821e-04
5.857973010279238224e-04 5.858727381564676762e-04
5.857893265783786774e-04 5.858642398379743099e-04
5.857790238223969936e-04 5.858893855474889278e-04
5.857819924131035805e-04 5.858943914063274860e-04
5.857878713868558407e-04 5.858847289346158504e-04
5.857839132659137249e-04 5.858858930878341198e-04
5.857820506207644939e-04 5.858835647813975811e-04
5.857732030563056469e-04 5.859126104041934013e-04
5.857861251570284367e-04 5.858986405655741692e-04
5.857747164554893970e-04 5.858843214809894562e-04
5.857761716470122337e-04 5.859009688720107079e-04
5.857776268385350704e-04 5.859152879565954208e-04
5.857771029695868492e-04 5.858688382431864738e-04
5.857688374817371368e-04 5.858804797753691673e-04
5.857599899172782898e-04 5.859180237166583538e-04
5.857740761712193489e-04 5.859040538780391216e-04
5.857704672962427139e-04 5.858777440153062344e-04
5.857669748365879059e-04 5.858889780938625336e-04
5.857684300281107426e-04 5.858808290213346481e-04
5.857654614374041557e-04 5.858758231624960899e-04
5.857586511410772800e-04 5.858789081685245037e-04
5.857610376551747322e-04 5.858920630998909473e-04
5.857615615241229534e-04 5.858920630998909473e-04
5.857573705725371838e-04 5.858746590092778206e-04
5.857582436874508858e-04 5.858866497874259949e-04
5.857592332176864147e-04 5.859079537913203239e-04
5.857492797076702118e-04 5.858819931745529175e-04
5.857447977177798748e-04 5.858797230757772923e-04
5.857620853930711746e-04 5.858765798620879650e-04
5.857549258507788181e-04 5.858986405655741692e-04
5.857452051714062691e-04 5.858990480192005634e-04
5.857418873347342014e-04 5.858727381564676762e-04
5.857483483850955963e-04 5.858773947693407536e-04
5.857478245161473751e-04 5.858797230757772923e-04
5.857470096088945866e-04 5.858793156221508980e-04
5.857408395968377590e-04 5.859087104909121990e-04
5.857466021552681923e-04 5.859052180312573910e-04
5.857407231815159321e-04 5.858808290213346481e-04
5.857461364939808846e-04 5.858587683178484440e-04
5.857359501533210278e-04 5.858773947693407536e-04
5.857276264578104019e-04 5.859187804162502289e-04
5.857411888428032398e-04 5.858746590092778206e-04
5.857344949617981911e-04 5.858657532371580601e-04
5.857300129719078541e-04 5.858781514689326286e-04
5.857424694113433361e-04 5.858924705535173416e-04
5.857376381754875183e-04 5.858843214809894562e-04
5.857291980646550655e-04 5.858723307028412819e-04
5.857242504134774208e-04 5.859098746441304684e-04
5.857395008206367493e-04 5.858785589225590229e-04
5.857317592017352581e-04 5.858653457835316658e-04
5.857191281393170357e-04 5.858994554728269577e-04
5.857212818227708340e-04 5.859114462509751320e-04
5.857339710928499699e-04 5.858715740032494068e-04
5.857197684235870838e-04 5.858394433744251728e-04
5.857073119841516018e-04 5.859021330252289772e-04
5.857279174961149693e-04 5.858967197127640247e-04
5.857157520949840546e-04 5.858893855474889278e-04
5.857031792402267456e-04 5.858521908521652222e-04
5.857156938873231411e-04 5.858967197127640247e-04
5.857283249497413635e-04 5.859060329385101795e-04
5.857091746293008327e-04 5.858777440153062344e-04
5.856998031958937645e-04 5.858816439285874367e-04
5.857114447280764580e-04 5.859028897248208523e-04
5.857187206856906414e-04 5.858800723217427731e-04
5.856940406374633312e-04 5.858638323843479156e-04
5.857003852725028992e-04 5.859048687852919102e-04
5.857123760506510735e-04 5.858657532371580601e-04
5.857064388692378998e-04 5.858305376023054123e-04
5.856876960024237633e-04 5.858936347067356110e-04
5.856976495124399662e-04 5.858917138539254665e-04
5.857029464095830917e-04 5.858708173036575317e-04
5.856878124177455902e-04 5.858734948560595512e-04
5.856972420588135719e-04 5.858525983057916164e-04
5.856932257302105427e-04 5.858719814568758011e-04
5.856783245690166950e-04 5.858750664629042149e-04
5.856874049641191959e-04 5.858758231624960899e-04
5.856824573129415512e-04 5.858432850800454617e-04
5.856878706254065037e-04 5.858432850800454617e-04
5.856878706254065037e-04 5.858696531504392624e-04
5.856829229742288589e-04 5.858828080818057060e-04
5.856745410710573196e-04 5.858762306161224842e-04
5.856808274984359741e-04 5.858510266989469528e-04
5.856844363734126091e-04 5.858704098500311375e-04
5.856797215528786182e-04 5.858882213942706585e-04
5.856736679561436176e-04 5.858653457835316658e-04
5.856711068190634251e-04 5.858556833118200302e-04
5.856726784259080887e-04 5.858514341525733471e-04
5.856781499460339546e-04 5.858708173036575317e-04
5.856695934198796749e-04 5.858692456968128681e-04
5.856630159541964531e-04 5.858812364749610424e-04
5.856704665347933769e-04 5.858274525962769985e-04
5.856729694642126560e-04 5.858471849933266640e-04
5.856694770045578480e-04 5.858824006281793118e-04
5.856626667082309723e-04 5.858812364749610424e-04
5.856576608493924141e-04 5.858429358340799809e-04
5.856546922586858273e-04 5.858321092091500759e-04
5.856674397364258766e-04 5.858232034370303154e-04
5.856605130247771740e-04 5.858514341525733471e-04
5.856507341377437115e-04 5.858917138539254665e-04
5.856609786860644817e-04 5.858700023964047432e-04
5.856506759300827980e-04 5.858282092958688736e-04
5.856436910107731819e-04 5.858425283804535866e-04
5.856520729139447212e-04 5.858854856342077255e-04
5.856578936800360680e-04 5.858642398379743099e-04
5.856367060914635658e-04 5.858367076143622398e-04
5.856337375007569790e-04 5.858599324710667133e-04
5.856524803675711155e-04 5.858696531504392624e-04
5.856535281054675579e-04 5.858262884430587292e-04
5.856302450411021709e-04 5.858564982190728188e-04
5.856276839040219784e-04 5.858870572410523891e-04
5.856484058313071728e-04 5.858344375155866146e-04
5.856431089341640472e-04 5.858232034370303154e-04
5.856220377609133720e-04 5.858824006281793118e-04
5.856417119503021240e-04 5.858715740032494068e-04
5.856329808011651039e-04 5.858413642272353172e-04
5.856245406903326511e-04 5.858305376023054123e-04
5.856232601217925549e-04 5.858708173036575317e-04
5.856325151398777962e-04 5.858568474650382996e-04
5.856310599483549595e-04 5.858363583683967590e-04
5.856210482306778431e-04 5.858483491465449333e-04
5.856207571923732758e-04 5.858692456968128681e-04
5.856280913576483727e-04 5.858487566001713276e-04
5.856288480572402477e-04 5.858181393705308437e-04
5.856194184161722660e-04 5.858510266989469528e-04
5.856152274645864964e-04 5.858882213942706585e-04
5.856211064383387566e-04 5.858684889972209930e-04
5.856149364262819290e-04 5.858212243765592575e-04
5.856102216057479382e-04 5.858328659087419510e-04
5.856020725332200527e-04 5.858475924469530582e-04
5.856085335835814476e-04 5.858645890839397907e-04
5.856069037690758705e-04 5.858282092958688736e-04
5.855967174284160137e-04 5.858312943018972874e-04
5.856096395291388035e-04 5.858286167494952679e-04
5.856105708517134190e-04 5.858363583683967590e-04
5.855957861058413982e-04 5.858479416929185390e-04
5.855973577126860619e-04 5.858375225216150284e-04
5.855990457348525524e-04 5.858142976649105549e-04
5.855993367731571198e-04 5.858251242898404598e-04
5.855881609022617340e-04 5.858332733623683453e-04
5.855854251421988010e-04 5.858340300619602203e-04
5.855894414708018303e-04 5.858173826709389687e-04
5.855888593941926956e-04 5.857995711266994476e-04
5.855804192833602428e-04 5.858363583683967590e-04
5.855857743881642818e-04 5.858363583683967590e-04
5.855800118297338486e-04 5.858251242898404598e-04
5.855862400494515896e-04 5.858301301486790180e-04
5.855824565514922142e-04 5.858359509147703648e-04
5.855736089870333672e-04 5.858432850800454617e-04
5.855772760696709156e-04 5.858134827576577663e-04
5.855792551301419735e-04 5.858189542777836323e-04
5.855719791725277901e-04 5.858336226083338261e-04
5.855677300132811069e-04 5.858336226083338261e-04
5.855661001987755299e-04 5.858142976649105549e-04
5.855681374669075012e-04 5.858069052919745445e-04
5.855660419911146164e-04 5.858305376023054123e-04
5.855583003722131252e-04 5.858312943018972874e-04
5.855603958480060101e-04 5.857957294210791588e-04
5.855619092471897602e-04 5.857976502738893032e-04
5.855556228198111057e-04 5.858053918927907944e-04
5.855585332028567791e-04 5.858150543645024300e-04
5.855570780113339424e-04 5.858138902112841606e-04
5.855518393218517303e-04 5.858166259713470936e-04
5.855504423379898071e-04 5.858239601366221905e-04
5.855533527210354805e-04 5.858100485056638718e-04
5.855488125234842300e-04 5.858046351931989193e-04
5.855445051565766335e-04 5.858073127456009388e-04
5.855449126102030277e-04 5.857960786670446396e-04
5.855464842170476913e-04 5.858088843524456024e-04
5.855419440194964409e-04 5.858305376023054123e-04
5.855460767634212971e-04 5.858262884430587292e-04
5.855435738340020180e-04 5.858061485923826694e-04
5.855369963683187962e-04 5.858227959834039211e-04
5.855346680618822575e-04 5.857999785803258419e-04
5.855378694832324982e-04 5.857871728949248791e-04
5.855229683220386505e-04 5.857887445017695427e-04
5.855273338966071606e-04 5.857805954292416573e-04
5.855253548361361027e-04 5.858138902112841606e-04
5.855357157997786999e-04 5.858057411387562752e-04
5.855287890881299973e-04 5.858119693584740162e-04
5.855282070115208626e-04 5.858146469108760357e-04
5.855233175680041313e-04 5.857903161086142063e-04
5.855160416103899479e-04 5.857840878888964653e-04
5.855184863321483135e-04 5.857899086549878120e-04
5.855202325619757175e-04 5.858038202859461308e-04
5.855195922777056694e-04 5.857999785803258419e-04
5.855144700035452843e-04 5.857666837982833385e-04
5.855136550962924957e-04 5.857814103364944458e-04
5.855128401890397072e-04 5.857937503606081009e-04
5.855117342434823513e-04 5.858030635863542557e-04
5.855056806467473507e-04 5.857887445017695427e-04
5.855071940459311008e-04 5.857860087417066097e-04
5.855079507455229759e-04 5.857682554051280022e-04
5.855033523403108120e-04 5.857775104232132435e-04
5.855001509189605713e-04 5.857751821167767048e-04
5.854931659996509552e-04 5.858034710399806499e-04
5.854974733665585518e-04 5.857856594957411289e-04
5.854949704371392727e-04 5.857802461832761765e-04
5.854812916368246078e-04 5.858108052052557468e-04
5.854857154190540314e-04 5.857670912519097328e-04
5.854784394614398479e-04 5.857790820300579071e-04
5.854865303263068199e-04 5.857682554051280022e-04
5.854808841831982136e-04 5.857662763446569443e-04
5.854748305864632130e-04 5.858138902112841606e-04
5.854697083123028278e-04 5.858162185177206993e-04
5.854904884472489357e-04 5.857240757904946804e-04
5.854727351106703281e-04 5.857453797943890095e-04
5.854658083990216255e-04 5.858100485056638718e-04
5.854733753949403763e-04 5.857836804352700710e-04
5.854651099070906639e-04 5.857767537236213684e-04
5.854695918969810009e-04 5.857693613506853580e-04
5.854684859514236450e-04 5.857682554051280022e-04
5.854538176208734512e-04 5.857821670360863209e-04
5.854608025401830673e-04 5.857759388163685799e-04
5.854662158526480198e-04 5.857535288669168949e-04
5.854552728123962879e-04 5.857562064193189144e-04
5.854563205502927303e-04 5.857825744897127151e-04
5.854606279172003269e-04 5.857500364072620869e-04
5.854409537278115749e-04 5.857705255039036274e-04
5.854535265825688839e-04 5.857659270986914635e-04
5.854615010321140289e-04 5.857221549376845360e-04
5.854310002177953720e-04 5.857659270986914635e-04
5.854390328750014305e-04 5.857771029695868492e-04
5.854530027136206627e-04 5.857132491655647755e-04
5.854345508851110935e-04 5.857550422661006451e-04
5.854407208971679211e-04 5.857666837982833385e-04
5.854503833688795567e-04 5.857268115505576134e-04
5.854291957803070545e-04 5.857411306351423264e-04
5.854340270161628723e-04 5.857589421793818474e-04
5.854302435182034969e-04 5.857372889295220375e-04
5.854183691553771496e-04 5.857477081008255482e-04
5.854383343830704689e-04 5.857136566191911697e-04
5.854183109477162361e-04 5.857465439476072788e-04
5.854140035808086395e-04 5.857651121914386749e-04
5.854173214174807072e-04 5.856834468431770802e-04
5.854067858308553696e-04 5.857237265445291996e-04
5.854123155586421490e-04 5.857446230947971344e-04
5.854184273630380630e-04 5.857055075466632843e-04
5.853960174135863781e-04 5.857361247763037682e-04
5.854125483892858028e-04 5.857399664819240570e-04
5.854143528267741203e-04 5.857078358530998230e-04
5.853922921232879162e-04 5.857535288669168949e-04
5.854074261151254177e-04 5.857341457158327103e-04
5.854093469679355621e-04 5.856977659277617931e-04
5.853789625689387321e-04 5.857380456291139126e-04
5.854021874256432056e-04 5.857337964698672295e-04
5.853918264620006084e-04 5.856911884620785713e-04
5.853811162523925304e-04 5.857364740222692490e-04
5.853878683410584927e-04 5.857577780261635780e-04
5.853868206031620502e-04 5.857086507603526115e-04
5.853764014318585396e-04 5.857152282260358334e-04
5.853885668329894543e-04 5.856950883753597736e-04
5.853727343492209911e-04 5.857167416252195835e-04
5.853879847563803196e-04 5.857163341715931892e-04
5.853723268955945969e-04 5.857082433067262173e-04
5.853732582181692123e-04 5.857144133187830448e-04
5.853766342625021935e-04 5.856768693774938583e-04
5.853730835951864719e-04 5.856939242221415043e-04
5.853656912222504616e-04 5.857353098690509796e-04
5.853846669197082520e-04 5.856722127646207809e-04
5.853517795912921429e-04 5.856822826899588108e-04
5.853579496033489704e-04 5.857372889295220375e-04
5.853745969943702221e-04 5.856691277585923672e-04
5.853469483554363251e-04 5.856803618371486664e-04
5.853411275893449783e-04 5.857461364939808846e-04
5.853746552020311356e-04 5.856312345713376999e-04
5.853376933373510838e-04 5.856648785993456841e-04
5.853462498635053635e-04 5.857078358530998230e-04
5.853550392203032970e-04 5.856242496520280838e-04
5.853300681337714195e-04 5.856284988112747669e-04
5.853337934240698814e-04 5.857279757037758827e-04
5.853523034602403641e-04 5.856354837305843830e-04
