1.000000000000000000e+00 9.999269843101501465e-01
1.084400000000000031e+00 1.089796543121337891e+00
1.858749999999999902e+00 1.859698772430419922e+00
3.033334999999999670e+00 3.033312082290649414e+00
4.909855999999999554e+00 4.905261516571044922e+00
1.000000000000000000e+00 1.000059604644775391e+00
1.001361000000000168e+00 1.000244855880737305e+00
1.092295000000000016e+00 1.092872023582458496e+00
1.895402999999999949e+00 1.888601779937744141e+00
3.115168999999999855e+00 3.109090328216552734e+00
5.101417999999999786e+00 5.102872371673583984e+00
1.000000000000000000e+00 1.000533699989318848e+00
1.001423616999999933e+00 1.001363396644592285e+00
1.002424999999999899e+00 1.001765131950378418e+00
1.003141999999999978e+00 1.002310872077941895e+00
1.003810000000000091e+00 1.002979874610900879e+00
1.004661000000000026e+00 1.003833770751953125e+00
1.005439999999999889e+00 1.004954814910888672e+00
1.006852000000000080e+00 1.006318688392639160e+00
1.008250000000000091e+00 1.007945299148559570e+00
1.010165999999999897e+00 1.009929060935974121e+00
1.012607999999999953e+00 1.012384533882141113e+00
1.015430999999999973e+00 1.015271544456481934e+00
1.018872000000000000e+00 1.018806457519531250e+00
1.023204999999999920e+00 1.022954225540161133e+00
1.028259000000000034e+00 1.027975201606750488e+00
1.034434999999999993e+00 1.033850550651550293e+00
1.042040999999999995e+00 1.040899634361267090e+00
1.050475000000000048e+00 1.049381732940673828e+00
1.060985999999999985e+00 1.059457063674926758e+00
1.072802000000000033e+00 1.071418523788452148e+00
1.087262999999999868e+00 1.085709333419799805e+00
1.102398999999999907e+00 1.102613449096679688e+00
1.270412000000000097e+00 1.269477605819702148e+00
1.634043000000000134e+00 1.634187340736389160e+00
1.950183999999999918e+00 1.958606243133544922e+00
2.306938999999999851e+00 2.307407617568969727e+00
2.525593000000000199e+00 2.526146173477172852e+00
2.822502000000000066e+00 2.822940349578857422e+00
3.281260000000000066e+00 3.277681589126586914e+00
4.179726999999999748e+00 4.181407451629638672e+00
5.548986000000000196e+00 5.533054351806640625e+00
7.204012000000000526e+00 7.196390628814697266e+00
1.100000000000000089e+00 1.105391621589660645e+00
1.001437015000000041e+00 1.001630663871765137e+00
1.001448222000000055e+00 1.001872301101684570e+00
1.100000000000000089e+00 1.108278751373291016e+00
1.100000000000000089e+00 1.111330270767211914e+00
1.001457503999999998e+00 1.002057433128356934e+00
1.002321999999999935e+00 1.002058863639831543e+00
1.002839999999999954e+00 1.002523422241210938e+00
1.003155000000000019e+00 1.003126144409179688e+00
1.003894000000000064e+00 1.003896594047546387e+00
1.004966000000000026e+00 1.004869222640991211e+00
1.005957999999999908e+00 1.006083130836486816e+00
1.007327000000000083e+00 1.007584452629089355e+00
1.009314000000000044e+00 1.009425878524780273e+00
1.011471000000000009e+00 1.011668801307678223e+00
1.013981000000000021e+00 1.014382958412170410e+00
1.017411000000000065e+00 1.017649412155151367e+00
1.021511000000000058e+00 1.021559476852416992e+00
1.026475000000000026e+00 1.026221871376037598e+00
1.032462999999999909e+00 1.031761884689331055e+00
1.039563000000000015e+00 1.038327097892761230e+00
1.048216999999999954e+00 1.046092271804809570e+00
1.058893000000000084e+00 1.055265188217163086e+00
1.070934000000000053e+00 1.066087722778320312e+00
1.084929000000000032e+00 1.078836202621459961e+00
1.101712000000000025e+00 1.093813180923461914e+00
1.120000000000000107e+00 1.111330270767211914e+00
1.285851999999999995e+00 1.283191919326782227e+00
1.667802000000000007e+00 1.666924595832824707e+00
2.010498000000000118e+00 2.009966373443603516e+00
1.110000000000000098e+00 1.114154338836669922e+00
1.001465134999999895e+00 1.002158522605895996e+00
1.000000000000000000e+00 1.001436471939086914e+00
2.418385999999999925e+00 2.420933723449707031e+00
2.664911999999999725e+00 2.663436412811279297e+00
3.006189000000000000e+00 3.001403808593750000e+00
3.549962000000000284e+00 3.540933847427368164e+00
4.653486000000000011e+00 4.661908149719238281e+00
6.371415999999999968e+00 6.375951290130615234e+00
8.545144999999999769e+00 8.523590087890625000e+00
1.001471414000000060e+00 1.002159833908081055e+00
1.110000000000000098e+00 1.116742253303527832e+00
1.110000000000000098e+00 1.118953824043273926e+00
1.001476593000000026e+00 1.002070546150207520e+00
1.129999999999999893e+00 1.120760798454284668e+00
1.002129000000000048e+00 1.001923561096191406e+00
1.002537000000000011e+00 1.002450346946716309e+00
1.003208000000000100e+00 1.003154516220092773e+00
1.003934000000000104e+00 1.004007101058959961e+00
1.004848999999999881e+00 1.005084156990051270e+00
1.006010999999999989e+00 1.006488561630249023e+00
1.007402000000000131e+00 1.008187174797058105e+00
1.009870999999999963e+00 1.010206460952758789e+00
1.011614999999999931e+00 1.012664198875427246e+00
1.014795999999999809e+00 1.015703678131103516e+00
1.018216000000000010e+00 1.019276618957519531e+00
1.022683999999999926e+00 1.023650169372558594e+00
1.027778000000000080e+00 1.028773903846740723e+00
1.034213999999999967e+00 1.034952998161315918e+00
1.041722000000000037e+00 1.042133808135986328e+00
1.050854999999999873e+00 1.050655007362365723e+00
1.062300000000000022e+00 1.060751795768737793e+00
1.075415999999999928e+00 1.072518348693847656e+00
1.090516000000000041e+00 1.086194276809692383e+00
1.108657000000000004e+00 1.102191805839538574e+00
1.302902000000000005e+00 1.300070047378540039e+00
1.710859999999999825e+00 1.708867907524108887e+00
2.081227999999999856e+00 2.078855991363525391e+00
1.265626999999999569e+01 1.266441345214843750e+01
1.701128999999999536e+01 1.701376342773437500e+01
2.353919999999999746e+01 2.350888442993164062e+01
2.835232000000000241e+01 2.830536651611328125e+01
1.110000000000000098e+00 1.120775103569030762e+00
1.001480899000000147e+00 1.001921892166137695e+00
1.110000000000000098e+00 1.122306585311889648e+00
1.001484510999999911e+00 1.001762628555297852e+00
1.120000000000000107e+00 1.123665809631347656e+00
1.001487570000000105e+00 1.001637578010559082e+00
1.000000000000000000e+00 1.001216292381286621e+00
1.001490191000000030e+00 1.001569151878356934e+00
1.002512999999999987e+00 1.002150774002075195e+00
1.003338999999999981e+00 1.002913832664489746e+00
1.004137000000000057e+00 1.003824949264526367e+00
1.004901999999999962e+00 1.004962921142578125e+00
1.006562000000000179e+00 1.006433248519897461e+00
1.007835000000000036e+00 1.008201003074645996e+00
1.009832999999999981e+00 1.010290861129760742e+00
1.012369999999999992e+00 1.012827038764953613e+00
1.015268000000000059e+00 1.015956997871398926e+00
1.018545000000000034e+00 1.019632458686828613e+00
1.022953000000000001e+00 1.024130940437316895e+00
1.028495000000000159e+00 1.029405236244201660e+00
1.034804000000000057e+00 1.035776257514953613e+00
1.042818999999999940e+00 1.043193578720092773e+00
1.052292000000000005e+00 1.052014589309692383e+00
1.063466999999999940e+00 1.062489151954650879e+00
1.077112999999999987e+00 1.074718713760375977e+00
1.093124999999999902e+00 1.088951468467712402e+00
1.111697999999999853e+00 1.105612516403198242e+00
1.120000000000000107e+00 1.124955415725708008e+00
1.312027999999999972e+00 1.311765313148498535e+00
1.739099000000000173e+00 1.740684151649475098e+00
2.130605000000000082e+00 2.132101535797119141e+00
2.563242999999999938e+00 2.565039634704589844e+00
2.849712999999999941e+00 2.850611209869384766e+00
3.259668999999999262e+00 3.259208440780639648e+00
3.928350000000000009e+00 3.923258781433105469e+00
5.288510000000000488e+00 5.290254116058349609e+00
7.326606000000000840e+00 7.323512077331542969e+00
9.856464000000000780e+00 9.837916374206542969e+00
1.362576000000000320e+01 1.358979892730712891e+01
1.823609999999999687e+01 1.819037055969238281e+01
2.510700999999999894e+01 2.506825065612792969e+01
3.022558000000000433e+01 3.012154960632324219e+01
1.120000000000000107e+00 1.126172780990600586e+00
1.001492454999999948e+00 1.001545071601867676e+00
1.120000000000000107e+00 1.127204418182373047e+00
1.001494424999999966e+00 1.001514911651611328e+00
1.120000000000000107e+00 1.127980589866638184e+00
1.001496149999999918e+00 1.001399874687194824e+00
1.002246999999999888e+00 1.001397848129272461e+00
1.002879999999999994e+00 1.002004146575927734e+00
1.003511000000000042e+00 1.002794265747070312e+00
1.004453000000000040e+00 1.003731131553649902e+00
1.005314000000000041e+00 1.004897713661193848e+00
1.006407000000000052e+00 1.006400346755981445e+00
1.007765000000000022e+00 1.008202552795410156e+00
1.009645000000000126e+00 1.010331511497497559e+00
1.012116000000000016e+00 1.012913227081298828e+00
1.015027000000000124e+00 1.016098499298095703e+00
1.018548000000000009e+00 1.019840717315673828e+00
1.022509000000000112e+00 1.024424195289611816e+00
1.028000000000000025e+00 1.029803276062011719e+00
1.034850000000000048e+00 1.036308646202087402e+00
1.042936000000000085e+00 1.043892979621887207e+00
1.052872000000000030e+00 1.052927255630493164e+00
1.064402000000000070e+00 1.063671469688415527e+00
1.078257999999999939e+00 1.076234340667724609e+00
1.094640999999999975e+00 1.090877175331115723e+00
1.113577999999999957e+00 1.108038425445556641e+00
1.139999999999999902e+00 1.127980589866638184e+00
1.456939999999999635e+01 1.454179573059082031e+01
1.949089000000000027e+01 1.946062088012695312e+01
2.678413000000000110e+01 2.684662818908691406e+01
3.212256000000000000e+01 3.226130294799804688e+01
1.120000000000000107e+00 1.128426551818847656e+00
1.001497666999999980e+00 1.001133441925048828e+00
1.139999999999999902e+00 1.128704428672790527e+00
1.000000000000000000e+00 1.000291228294372559e+00
1.002442000000000055e+00 1.000842571258544922e+00
1.002909999999999968e+00 1.001443505287170410e+00
1.003349000000000046e+00 1.002232193946838379e+00
1.004162999999999917e+00 1.003171563148498535e+00
1.004864999999999897e+00 1.004345655441284180e+00
1.006153000000000075e+00 1.005863308906555176e+00
1.007600999999999969e+00 1.007687687873840332e+00
1.009549000000000030e+00 1.009846806526184082e+00
1.011897999999999964e+00 1.012467265129089355e+00
1.014817000000000080e+00 1.015703558921813965e+00
1.018359000000000014e+00 1.019505858421325684e+00
1.022962999999999845e+00 1.024161815643310547e+00
1.028391999999999973e+00 1.029623508453369141e+00
1.035099999999999909e+00 1.036222457885742188e+00
1.043235000000000134e+00 1.043907403945922852e+00
1.053077999999999959e+00 1.053048849105834961e+00
1.064885999999999999e+00 1.063906311988830566e+00
1.078670000000000018e+00 1.076584696769714355e+00
1.094879000000000158e+00 1.091344475746154785e+00
1.113764999999999894e+00 1.108629226684570312e+00
1.237612999999999852e+00 1.242307543754577637e+00
1.417613999999999930e+00 1.417253017425537109e+00
1.648279999999999967e+00 1.646697640419006348e+00
1.913712999999999997e+00 1.912060856819152832e+00
2.204876000000000058e+00 2.201874494552612305e+00
2.686916999999999778e+00 2.689926624298095703e+00
3.013491999999999837e+00 3.016242027282714844e+00
3.485958999999999808e+00 3.485411167144775391e+00
4.257980999999999128e+00 4.249754905700683594e+00
5.833567999999999643e+00 5.822597980499267578e+00
8.166902000000000328e+00 8.162204742431640625e+00
1.101834000000000024e+01 1.106005287170410156e+01
1.527373999999999654e+01 1.533727931976318359e+01
2.049321000000000126e+01 2.053659248352050781e+01
2.865694000000000941e+01 2.835079193115234375e+01
3.417079999999999984e+01 3.406474304199218750e+01
1.120000000000000107e+00 1.128796339035034180e+00
1.001499005999999969e+00 1.000754952430725098e+00
1.001500189000000152e+00 1.000500798225402832e+00
1.120000000000000107e+00 1.129227519035339355e+00
1.002432999999999907e+00 1.000663399696350098e+00
1.002599000000000018e+00 1.001229643821716309e+00
1.003321999999999825e+00 1.001989006996154785e+00
1.004195000000000171e+00 1.002910852432250977e+00
1.004962999999999829e+00 1.004076957702636719e+00
1.006081000000000003e+00 1.005597352981567383e+00
1.007753000000000121e+00 1.007437825202941895e+00
1.009653000000000134e+00 1.009623885154724121e+00
1.011716999999999977e+00 1.012282609939575195e+00
1.014936000000000060e+00 1.015566229820251465e+00
1.018653000000000031e+00 1.019420981407165527e+00
1.022990999999999984e+00 1.024130105972290039e+00
1.028523999999999994e+00 1.029636502265930176e+00
1.035203000000000095e+00 1.036267876625061035e+00
1.043135000000000145e+00 1.043966174125671387e+00
1.052696999999999994e+00 1.053100943565368652e+00
1.064620000000000122e+00 1.063934803009033203e+00
1.078485000000000138e+00 1.076588273048400879e+00
1.094897000000000009e+00 1.091345071792602539e+00
1.114184999999999981e+00 1.108676075935363770e+00
1.139999999999999902e+00 1.128875136375427246e+00
1.620687999999999462e+01 1.615927314758300781e+01
2.159032999999999802e+01 2.155773544311523438e+01
2.955041999999999902e+01 2.960600090026855469e+01
3.542262999999999096e+01 3.545775604248046875e+01
1.001501238999999988e+00 1.000667333602905273e+00
1.120000000000000107e+00 1.128864049911499023e+00
1.120000000000000107e+00 1.126450896263122559e+00
1.001502195999999900e+00 1.001122713088989258e+00
1.001503990000000011e+00 1.001346230506896973e+00
1.120000000000000107e+00 1.123163342475891113e+00
1.000000000000000000e+00 9.986174106597900391e-01
1.001539581999999928e+00 1.001267075538635254e+00
1.001886999999999972e+00 1.001688480377197266e+00
1.002385000000000081e+00 1.002267122268676758e+00
1.003078000000000136e+00 1.002982139587402344e+00
1.003861000000000114e+00 1.003897786140441895e+00
1.004834000000000005e+00 1.005103349685668945e+00
1.006093000000000126e+00 1.006570816040039062e+00
1.007626000000000133e+00 1.008321881294250488e+00
1.009618000000000126e+00 1.010458946228027344e+00
1.012097000000000024e+00 1.013109803199768066e+00
1.015092000000000105e+00 1.016241073608398438e+00
1.018869000000000025e+00 1.020104765892028809e+00
1.023514000000000035e+00 1.024693250656127930e+00
1.029295000000000071e+00 1.030338644981384277e+00
1.036342000000000096e+00 1.037075638771057129e+00
1.044909000000000088e+00 1.045332193374633789e+00
1.055445999999999884e+00 1.055473685264587402e+00
1.068170000000000064e+00 1.067726850509643555e+00
1.083377000000000034e+00 1.082444787025451660e+00
1.101391000000000009e+00 1.100128293037414551e+00
1.118798999999999877e+00 1.121049642562866211e+00
1.504896000000000011e+00 1.503731727600097656e+00
2.257191000000000169e+00 2.249933242797851562e+00
3.182965000000000266e+00 3.191131353378295898e+00
4.603972000000000619e+00 4.608175754547119141e+00
6.381505000000000649e+00 6.369158267974853516e+00
8.995005000000000805e+00 8.976801872253417969e+00
1.220152000000000037e+01 1.220851325988769531e+01
1.691492999999999824e+01 1.690175247192382812e+01
2.255974000000000146e+01 2.251478385925292969e+01
3.092539999999999267e+01 3.088025474548339844e+01
3.704449999999999932e+01 3.693072509765625000e+01
1.001514725999999911e+00 1.001146316528320312e+00
1.120821999999999985e+00 1.120361685752868652e+00
1.120870000000000033e+00 1.120472669601440430e+00
1.001514918000000032e+00 1.001103878021240234e+00
1.001514400000000027e+00 1.001125812530517578e+00
1.120936000000000154e+00 1.120898008346557617e+00
1.001565000000000039e+00 1.001126050949096680e+00
1.001934000000000102e+00 1.001509428024291992e+00
1.002394000000000007e+00 1.002037167549133301e+00
1.003033999999999981e+00 1.002689599990844727e+00
1.003765000000000018e+00 1.003526926040649414e+00
1.004762000000000155e+00 1.004628777503967285e+00
1.005985000000000129e+00 1.005971550941467285e+00
1.007614999999999927e+00 1.007575631141662598e+00
1.009516000000000080e+00 1.009537696838378906e+00
1.012004999999999821e+00 1.011982679367065430e+00
1.015093999999999941e+00 1.014891028404235840e+00
1.018811000000000133e+00 1.018517494201660156e+00
1.023495000000000044e+00 1.022881865501403809e+00
1.029236000000000040e+00 1.028338074684143066e+00
1.036364999999999981e+00 1.034959197044372559e+00
1.044980000000000020e+00 1.043204426765441895e+00
1.055547000000000013e+00 1.053470134735107422e+00
1.068195999999999923e+00 1.065996050834655762e+00
1.083405999999999869e+00 1.081129431724548340e+00
1.101445000000000007e+00 1.099353075027465820e+00
1.122611000000000026e+00 1.120902895927429199e+00
2.303201000000000320e+01 2.305599784851074219e+01
3.160545999999999722e+01 3.168480491638183594e+01
3.786392999999999631e+01 3.790504074096679688e+01
1.001513894000000127e+00 1.001174092292785645e+00
1.120983000000000063e+00 1.121389746665954590e+00
1.000000000000000000e+00 9.999042153358459473e-01
1.253427999999999987e+00 1.244507551193237305e+00
1.429310999999999998e+00 1.426390886306762695e+00
1.662709999999999910e+00 1.662277460098266602e+00
1.946419000000000121e+00 1.945917606353759766e+00
2.275561999999999863e+00 2.274480581283569336e+00
2.649443000000000215e+00 2.649289608001708984e+00
3.074774999999999814e+00 3.074737071990966797e+00
3.560573999999999906e+00 3.557013273239135742e+00
4.114072000000000173e+00 4.103126049041748047e+00
1.120991000000000071e+00 1.121841549873352051e+00
1.001513440000000088e+00 1.001225233078002930e+00
1.001513034000000024e+00 1.001269459724426270e+00
1.120970000000000022e+00 1.122214794158935547e+00
1.001362000000000085e+00 1.001303791999816895e+00
1.001891000000000087e+00 1.001705169677734375e+00
1.002332999999999918e+00 1.002256274223327637e+00
1.002986000000000155e+00 1.002935528755187988e+00
1.003730999999999929e+00 1.003804802894592285e+00
1.004723000000000033e+00 1.004946470260620117e+00
1.006036000000000152e+00 1.006334066390991211e+00
1.007603000000000026e+00 1.007987856864929199e+00
1.009578000000000086e+00 1.010006785392761230e+00
1.011975999999999987e+00 1.012516140937805176e+00
1.014972999999999903e+00 1.015493273735046387e+00
1.018742999999999954e+00 1.019194722175598145e+00
1.023382999999999932e+00 1.023636460304260254e+00
1.029079000000000077e+00 1.029172897338867188e+00
1.036120000000000152e+00 1.035875082015991211e+00
1.044928000000000079e+00 1.044204711914062500e+00
1.055496999999999908e+00 1.054559946060180664e+00
1.068200999999999956e+00 1.067184925079345703e+00
1.083328999999999986e+00 1.082431197166442871e+00
1.101345000000000018e+00 1.100789546966552734e+00
1.122576999999999936e+00 1.122499704360961914e+00
4.722841999999999985e+00 4.729515075683593750e+00
6.542683999999999500e+00 6.538601875305175781e+00
9.237534000000000134e+00 9.221461296081542969e+00
1.254185999999999801e+01 1.255095195770263672e+01
1.740512000000000370e+01 1.738246536254882812e+01
1.120969000000000104e+00 1.122502565383911133e+00
1.001512672999999909e+00 1.001304030418395996e+00
1.001512350000000051e+00 1.001330375671386719e+00
1.120929999999999982e+00 1.122710704803466797e+00
1.120920999999999834e+00 1.122851252555847168e+00
1.001512063000000063e+00 1.001350045204162598e+00
1.000000000000000000e+00 1.000502467155456543e+00
1.001511806999999976e+00 1.001363992691040039e+00
1.001792999999999934e+00 1.001775622367858887e+00
1.002313000000000009e+00 1.002339363098144531e+00
1.002977000000000007e+00 1.003032803535461426e+00
1.003702000000000094e+00 1.003919124603271484e+00
1.004718000000000000e+00 1.005082249641418457e+00
1.005937999999999999e+00 1.006494641304016113e+00
1.007590999999999903e+00 1.008177042007446289e+00
1.009512999999999883e+00 1.010227799415588379e+00
1.011894000000000071e+00 1.012773513793945312e+00
1.014958000000000027e+00 1.015789151191711426e+00
1.018717000000000095e+00 1.019531130790710449e+00
1.023429000000000144e+00 1.024011492729187012e+00
1.029195000000000082e+00 1.029583096504211426e+00
1.036278000000000032e+00 1.036312341690063477e+00
1.044896999999999965e+00 1.044659614562988281e+00
1.055428000000000033e+00 1.055022120475769043e+00
1.068108999999999975e+00 1.067644715309143066e+00
1.083256999999999914e+00 1.082882523536682129e+00
1.101226000000000038e+00 1.101230740547180176e+00
1.120924000000000031e+00 1.122935295104980469e+00
1.253157000000000076e+00 1.246147155761718750e+00
1.323895000000000044e+00 1.331291437149047852e+00
1.429475000000000051e+00 1.429032921791076660e+00
1.663756000000000235e+00 1.666270613670349121e+00
1.800963000000000092e+00 1.801653385162353516e+00
1.948069999999999746e+00 1.951349854469299316e+00
2.281759000000000093e+00 2.281331539154052734e+00
2.654654000000000291e+00 2.657561779022216797e+00
2.868484000000000034e+00 2.866523504257202148e+00
3.083702000000000165e+00 3.084479093551635742e+00
3.573452999999999768e+00 3.568275690078735352e+00
3.843569000000000457e+00 3.830852746963500977e+00
4.130154000000000103e+00 4.115919589996337891e+00
4.727926999999999325e+00 4.734591960906982422e+00
6.550085000000000157e+00 6.544805526733398438e+00
9.248845999999998568e+00 9.229417800903320312e+00
1.256047000000000047e+01 1.256127166748046875e+01
1.743375999999999593e+01 1.739606857299804688e+01
2.327306000000000452e+01 2.320968437194824219e+01
3.195457999999999288e+01 3.191305351257324219e+01
3.831167000000000655e+01 3.818051910400390625e+01
1.001511577999999902e+00 1.001374244689941406e+00
1.120910000000000073e+00 1.122974157333374023e+00
1.120894999999999975e+00 1.122977495193481445e+00
1.001511374999999981e+00 1.001381874084472656e+00
1.001511193000000022e+00 1.001387238502502441e+00
1.120883000000000074e+00 1.122951865196228027e+00
1.001511030999999941e+00 1.001390933990478516e+00
1.120908000000000015e+00 1.122904777526855469e+00
1.000000000000000000e+00 1.000573158264160156e+00
1.120934000000000097e+00 1.122841000556945801e+00
1.001510887000000016e+00 1.001393437385559082e+00
1.001510759000000084e+00 1.001395225524902344e+00
1.120973999999999915e+00 1.122763633728027344e+00
4.729585000000000150e+00 4.739370346069335938e+00
6.552175999999999334e+00 6.551254749298095703e+00
9.252672000000000452e+00 9.238076210021972656e+00
1.256890000000000107e+01 1.257252693176269531e+01
1.744737999999999900e+01 1.741063880920410156e+01
1.120967000000000047e+00 1.122676491737365723e+00
1.001510644000000116e+00 1.001396298408508301e+00
1.001510542000000115e+00 1.001397013664245605e+00
1.120959999999999956e+00 1.122581124305725098e+00
1.120993000000000128e+00 1.122480273246765137e+00
1.001510450999999913e+00 1.001397490501403809e+00
1.000000000000000000e+00 1.000587940216064453e+00
1.001510370000000094e+00 1.001397132873535156e+00
1.001991999999999994e+00 1.001812696456909180e+00
1.002448000000000006e+00 1.002380847930908203e+00
1.003086000000000144e+00 1.003080368041992188e+00
1.003928000000000154e+00 1.003973007202148438e+00
1.004891999999999896e+00 1.005144715309143066e+00
1.006130999999999887e+00 1.006567001342773438e+00
1.007746999999999948e+00 1.008260250091552734e+00
1.009716999999999976e+00 1.010323762893676758e+00
1.012114999999999876e+00 1.012883067131042480e+00
1.015133000000000063e+00 1.015910625457763672e+00
1.018854999999999844e+00 1.019660592079162598e+00
1.023506999999999945e+00 1.024141192436218262e+00
1.029260999999999981e+00 1.029699921607971191e+00
1.036302000000000056e+00 1.036398768424987793e+00
1.045009000000000077e+00 1.044692397117614746e+00
1.055429000000000173e+00 1.054974317550659180e+00
1.068135999999999974e+00 1.067492127418518066e+00
1.083277999999999963e+00 1.082604289054870605e+00
1.101307999999999954e+00 1.100813627243041992e+00
1.120994999999999964e+00 1.122374773025512695e+00
1.254028000000000143e+00 1.245160102844238281e+00
1.323849999999999971e+00 1.330266237258911133e+00
1.429945000000000022e+00 1.428107142448425293e+00
1.663558000000000092e+00 1.665892601013183594e+00
1.800970000000000182e+00 1.801663279533386230e+00
1.947620000000000129e+00 1.951797485351562500e+00
2.282210000000000072e+00 2.282693624496459961e+00
2.656124999999999847e+00 2.659848928451538086e+00
2.869974000000000025e+00 2.869280576705932617e+00
3.086352000000000206e+00 3.087700605392456055e+00
3.576235000000000497e+00 3.572457075119018555e+00
3.845867999999999842e+00 3.835518121719360352e+00
4.132708999999999300e+00 4.121083736419677734e+00
4.730106000000000144e+00 4.740753173828125000e+00
6.552211999999999925e+00 6.553392887115478516e+00
9.253557999999998174e+00 9.241177558898925781e+00
1.256711999999999918e+01 1.257668590545654297e+01
1.744624000000000308e+01 1.741611480712890625e+01
2.329330000000000211e+01 2.323592185974121094e+01
3.198890000000000100e+01 3.194910240173339844e+01
3.834324999999999051e+01 3.822185516357421875e+01
1.000000000000000000e+00 1.000592231750488281e+00
1.000000000000000000e+00 1.000594854354858398e+00
1.323852000000000029e+00 1.328266978263854980e+00
1.800954999999999862e+00 1.799939036369323730e+00
2.282220000000000137e+00 2.281991243362426758e+00
2.870079999999999742e+00 2.869886875152587891e+00
3.845977999999999675e+00 3.838077783584594727e+00
1.000000000000000000e+00 1.000596761703491211e+00
1.000000000000000000e+00 1.000598549842834473e+00
1.324033999999999933e+00 1.326197981834411621e+00
1.800959999999999894e+00 1.798076272010803223e+00
2.282224999999999948e+00 2.281128168106079102e+00
2.870084999999999997e+00 2.870332956314086914e+00
3.845990999999999715e+00 3.840494394302368164e+00
1.000000000000000000e+00 1.000600337982177734e+00
1.000000000000000000e+00 1.000602126121520996e+00
1.324030999999999958e+00 1.324123501777648926e+00
1.800934999999999953e+00 1.796190142631530762e+00
2.282159000000000049e+00 2.280239582061767578e+00
2.870036999999999949e+00 2.870756864547729492e+00
3.845922999999999981e+00 3.842894792556762695e+00
2.329442999999999842e+01 2.330736351013183594e+01
3.199099000000001070e+01 3.204758071899414062e+01
3.839031999999999556e+01 3.833416366577148438e+01
