1.000000000000000000e+00 9.986242651939392090e-01
1.000364999999999949e+00 9.991995096206665039e-01
4.730112999999999346e+00 4.726059913635253906e+00
1.001251000000000113e+00 1.000278353691101074e+00
1.118856999999999990e+00 1.118787527084350586e+00
2.274820999999999760e+00 2.278930425643920898e+00
1.701128999999999536e+01 1.697918319702148438e+01
4.257980999999999128e+00 4.262211799621582031e+00
4.909855999999999554e+00 4.910231590270996094e+00
1.000000000000000000e+00 1.000041842460632324e+00
2.432611999999999952e+01 2.432529449462890625e+01
1.789200999999999819e+00 1.789197802543640137e+00
2.954962000000000089e+01 2.946419334411621094e+01
2.482306000000000346e+00 2.482383728027343750e+00
1.000014999999999876e+00 1.000797271728515625e+00
4.421304999999999374e+00 4.424530029296875000e+00
6.795818999999998944e+00 6.791920185089111328e+00
9.236680999999999031e+00 9.267958641052246094e+00
1.084400000000000031e+00 1.085474610328674316e+00
1.005759999999999987e+00 1.004342317581176758e+00
4.044919999999999405e+00 4.050312519073486328e+00
1.113558000000000048e+00 1.113595962524414062e+00
2.606997000000000497e+01 2.630612182617187500e+01
1.080765999999999893e+00 1.080693483352661133e+00
1.047182999999999975e+00 1.046781778335571289e+00
3.115168999999999855e+00 3.114982366561889648e+00
1.000000000000000000e+00 1.000077247619628906e+00
3.549962000000000284e+00 3.548871278762817383e+00
2.245416000000000079e+00 2.239350557327270508e+00
1.000000000000000000e+00 1.000077247619628906e+00
2.215348999999999435e+01 2.210680961608886719e+01
3.366323000000000842e+00 3.366789340972900391e+00
3.177972999999999359e+01 3.184778022766113281e+01
3.709964999999999957e+00 3.707287549972534180e+00
2.076522999999999897e+00 2.078043460845947266e+00
1.858749999999999902e+00 1.858511567115783691e+00
3.160545999999999722e+01 3.168650054931640625e+01
3.816014000000000017e+00 3.815171480178833008e+00
1.095605999999999858e+00 1.095457077026367188e+00
1.300936000000000092e+00 1.300391435623168945e+00
3.195457999999999288e+01 3.200236129760742188e+01
6.264391000000001597e+00 6.254857063293457031e+00
3.219460999999999462e+00 3.221656560897827148e+00
2.835232000000000241e+01 2.834716606140136719e+01
1.958734999999999893e+00 1.958209514617919922e+00
3.839031999999999556e+01 3.832229614257812500e+01
1.321123000000000047e+00 1.320932984352111816e+00
3.928350000000000009e+00 3.927253723144531250e+00
4.730106000000000144e+00 4.726244449615478516e+00
1.655186000000000135e+01 1.652896881103515625e+01
4.130112000000000450e+00 4.136839866638183594e+00
8.830655000000000143e+00 8.819152832031250000e+00
2.275300000000000100e+00 2.278928041458129883e+00
9.143603000000000591e+00 9.152366638183593750e+00
3.092539999999999267e+01 3.097696113586425781e+01
4.722841999999999985e+00 4.719425201416015625e+00
3.143079999999999874e+00 3.143697023391723633e+00
1.463985000000000092e+00 1.463249802589416504e+00
1.001457000000000042e+00 1.001167297363281250e+00
1.001430999999999960e+00 1.002615451812744141e+00
3.033334999999999670e+00 3.032395124435424805e+00
1.000000000000000000e+00 1.000767350196838379e+00
4.687939000000000078e+00 4.688663482666015625e+00
3.198890000000000100e+01 3.200229263305664062e+01
1.048212999999999839e+00 1.048006415367126465e+00
2.353919999999999746e+01 2.342344856262207031e+01
1.022169000000000105e+00 1.023485779762268066e+00
1.000000000000000000e+00 9.990279674530029297e-01
3.831167000000000655e+01 3.832427215576171875e+01
1.001455999999999902e+00 1.002080082893371582e+00
4.522562999999999889e+00 4.526109695434570312e+00
1.033749999999999947e+00 1.033982634544372559e+00
1.062162999999999968e+00 1.061634421348571777e+00
1.034335000000000004e+00 1.034607648849487305e+00
1.000014999999999876e+00 1.000111579895019531e+00
1.157642999999999978e+00 1.157552123069763184e+00
2.678284999999999982e+01 2.703684806823730469e+01
3.199099000000001070e+01 3.200072860717773438e+01
3.198612999999999573e+01 3.201292037963867188e+01
1.736398999999999759e+01 1.737458419799804688e+01
2.865722999999999487e+01 2.809536170959472656e+01
1.208110000000000017e+00 1.208015918731689453e+00
1.118851000000000040e+00 1.118788123130798340e+00
1.219363999999999892e+00 1.218734025955200195e+00
3.632988999999999180e+01 3.628966522216796875e+01
3.035774000000001038e+01 3.031953811645507812e+01
1.098875999999999964e+00 1.098963499069213867e+00
2.510700999999999894e+01 2.526792144775390625e+01
2.001615000000000144e+00 1.997967243194580078e+00
1.737647999999999726e+01 1.737453651428222656e+01
2.780533000000000143e+00 2.777018070220947266e+00
4.727926999999999325e+00 4.726255893707275391e+00
1.195857999999999954e+01 1.195251560211181641e+01
1.022452000000000139e+00 1.023612260818481445e+00
1.101799999999999891e+00 1.101421952247619629e+00
1.707391999999999799e+00 1.707652568817138672e+00
4.930587000000000053e+00 4.924551963806152344e+00
1.000014999999999876e+00 9.990627765655517578e-01
1.504528000000000088e+00 1.506808638572692871e+00
1.078392999999999935e+00 1.078017354011535645e+00
1.265626999999999569e+01 1.267037296295166016e+01
1.012850000000000028e+00 1.014092087745666504e+00
2.744105999999999934e+00 2.744482040405273438e+00
1.063787000000000038e+00 1.063548684120178223e+00
1.882209000000000021e+00 1.883509874343872070e+00
1.117866000000000026e+00 1.118007421493530273e+00
1.001457000000000042e+00 1.002215743064880371e+00
3.437441000000000191e+00 3.436585426330566406e+00
