2.043836517259478569e-03 3.413403639569878578e-03
1.754295430146157742e-03 3.489702008664608002e-03
1.908908947370946407e-03 3.586233826354146004e-03
1.844768412411212921e-03 3.516796743497252464e-03
1.684120274148881435e-03 3.481760621070861816e-03
1.866369275376200676e-03 3.538582473993301392e-03
1.661696354858577251e-03 3.614135086536407471e-03
1.790394657291471958e-03 3.421035129576921463e-03
1.736009493470191956e-03 3.421675879508256912e-03
1.683807116933166981e-03 3.545581130310893059e-03
1.788617344573140144e-03 3.441502805799245834e-03
1.635975553654134274e-03 3.398789791390299797e-03
1.725483452901244164e-03 3.507930552586913109e-03
1.667681266553699970e-03 3.516590455546975136e-03
1.692702178843319416e-03 3.420060267671942711e-03
1.711148070171475410e-03 3.447439521551132202e-03
1.625731703825294971e-03 3.534621326252818108e-03
1.706375740468502045e-03 3.434759564697742462e-03
1.634368440136313438e-03 3.407632699236273766e-03
1.659176545217633247e-03 3.504396183416247368e-03
1.652863924391567707e-03 3.485966706648468971e-03
1.625124015845358372e-03 3.412683261558413506e-03
1.666518393903970718e-03 3.458883613348007202e-03
1.624654163606464863e-03 3.498894860967993736e-03
1.657792832702398300e-03 3.420203691348433495e-03
1.631037215702235699e-03 3.427678951993584633e-03
1.625614939257502556e-03 3.490373957902193069e-03
1.642520539462566376e-03 3.453616285696625710e-03
1.620518625713884830e-03 3.424319205805659294e-03
1.637377426959574223e-03 3.477639285847544670e-03
1.622325740754604340e-03 3.479443956166505814e-03
1.626264071092009544e-03 3.426115261390805244e-03
1.628488302230834961e-03 3.445563837885856628e-03
1.618987764231860638e-03 3.476808080449700356e-03
1.630542566999793053e-03 3.441201522946357727e-03
1.617390778847038746e-03 3.433174686506390572e-03
1.621518400497734547e-03 3.472898388281464577e-03
1.626853598281741142e-03 3.460036823526024818e-03
1.620021997950971127e-03 3.433001926168799400e-03
1.622112467885017395e-03 3.459210507571697235e-03
1.614399254322052002e-03 3.469311166554689407e-03
1.620850525796413422e-03 3.438942600041627884e-03
1.618644222617149353e-03 3.445814363658428192e-03
1.616659224964678288e-03 3.471166361123323441e-03
1.621155650354921818e-03 3.452011849731206894e-03
1.614127308130264282e-03 3.439581720158457756e-03
1.617782749235630035e-03 3.461265703663229942e-03
1.619216869585216045e-03 3.458920400589704514e-03
1.616753987036645412e-03 3.440811764448881149e-03
1.616631052456796169e-03 3.454428398981690407e-03
1.614854205399751663e-03 3.465433837845921516e-03
1.619449816644191742e-03 3.448975970968604088e-03
1.616800785996019840e-03 3.449646988883614540e-03
1.615861197933554649e-03 3.465003566816449165e-03
1.616866793483495712e-03 3.454976482316851616e-03
1.615743618458509445e-03 3.445115406066179276e-03
1.617206260561943054e-03 3.457842161878943443e-03
1.617337227798998356e-03 3.459098050370812416e-03
1.616167253814637661e-03 3.447538940235972404e-03
1.615026150830090046e-03 3.453813260421156883e-03
1.615290995687246323e-03 3.461429383605718613e-03
1.617109053768217564e-03 3.451875643804669380e-03
1.615203567780554295e-03 3.450514050200581551e-03
1.614562585018575191e-03 3.459692467004060745e-03
1.615634071640670300e-03 3.455554135143756866e-03
1.615457586012780666e-03 3.449688898399472237e-03
1.615279354155063629e-03 3.457173705101013184e-03
1.615375978872179985e-03 3.458832157775759697e-03
1.615272485651075840e-03 3.451496828347444534e-03
1.614800887182354927e-03 3.453658428043127060e-03
1.615346176549792290e-03 3.458139486610889435e-03
1.616000314243137836e-03 3.452741773799061775e-03
1.614806358702480793e-03 3.451663767918944359e-03
1.614598440937697887e-03 3.457350889220833778e-03
1.615509390830993652e-03 3.455653320997953415e-03
1.615451532416045666e-03 3.452190896496176720e-03
1.614988665096461773e-03 3.456271253526210785e-03
1.614951761439442635e-03 3.457134356722235680e-03
1.615130808204412460e-03 3.452628618106245995e-03
1.614906243048608303e-03 3.454030025750398636e-03
1.615060493350028992e-03 3.457048209384083748e-03
1.615211949683725834e-03 3.454324789345264435e-03
1.614487031474709511e-03 3.453548066318035126e-03
1.614472712390124798e-03 3.457038430497050285e-03
1.615007873624563217e-03 3.455620491877198219e-03
1.614787848666310310e-03 3.453341778367757797e-03
1.614401582628488541e-03 3.455671016126871109e-03
1.614659093320369720e-03 3.455953439697623253e-03
1.614919863641262054e-03 3.453500801697373390e-03
1.614707405678927898e-03 3.454747376963496208e-03
1.614716951735317707e-03 3.456351580098271370e-03
1.614756649360060692e-03 3.454631194472312927e-03
1.614463864825665951e-03 3.454317804425954819e-03
1.614543958567082882e-03 3.455993719398975372e-03
1.614792039617896080e-03 3.455052617937326431e-03
1.614520442672073841e-03 3.453952725976705551e-03
1.614289591088891029e-03 3.455342026427388191e-03
1.614498556591570377e-03 3.455555764958262444e-03
1.614558161236345768e-03 3.454348072409629822e-03
1.614340580999851227e-03 3.455083118751645088e-03
1.614329754374921322e-03 3.455967176705598831e-03
1.614431850612163544e-03 3.454709891229867935e-03
1.614349777810275555e-03 3.454639809206128120e-03
1.614387496374547482e-03 3.455745754763484001e-03
1.614465843886137009e-03 3.455092664808034897e-03
1.614262349903583527e-03 3.454669611528515816e-03
1.614182838238775730e-03 3.455520141869783401e-03
1.614342210814356804e-03 3.455565543845295906e-03
1.614313223399221897e-03 3.454780438914895058e-03
1.614142674952745438e-03 3.455203725025057793e-03
1.614178647287189960e-03 3.455593017861247063e-03
1.614280277863144875e-03 3.454838646575808525e-03
1.614215550944209099e-03 3.454920137301087379e-03
1.614184933714568615e-03 3.455626778304576874e-03
1.614207285456359386e-03 3.455235855653882027e-03
1.614122767932713032e-03 3.454971127212047577e-03
1.614088891074061394e-03 3.455416066572070122e-03
1.614160719327628613e-03 3.455432131886482239e-03
1.614096690900623798e-03 3.454946912825107574e-03
1.613984117284417152e-03 3.455246333032846451e-03
1.614019391126930714e-03 3.455417463555932045e-03
1.614044536836445332e-03 3.454978577792644501e-03
1.613963977433741093e-03 3.455208847299218178e-03
1.613956526853144169e-03 3.455485915765166283e-03
1.613948377780616283e-03 3.455126890912652016e-03
1.613914384506642818e-03 3.455244470387697220e-03
1.613922882825136185e-03 3.455379977822303772e-03
1.613906584680080414e-03 3.455268451943993568e-03
1.613862812519073486e-03 3.455157158896327019e-03
1.613831147551536560e-03 3.455416066572070122e-03
1.613851287402212620e-03 3.455303842201828957e-03
1.613848726265132427e-03 3.455182537436485291e-03
1.613784581422805786e-03 3.455318743363022804e-03
1.613762928172945976e-03 3.455324331298470497e-03
1.613758271560072899e-03 3.455196972936391830e-03
1.613731728866696358e-03 3.455227706581354141e-03
1.613741158507764339e-03 3.455338068306446075e-03
1.613698899745941162e-03 3.455310827121138573e-03
1.613670377992093563e-03 3.455247730016708374e-03
1.613644650205969810e-03 3.455377882346510887e-03
1.613650005310773849e-03 3.455309895798563957e-03
1.613614847883582115e-03 3.455251688137650490e-03
1.613570610061287880e-03 3.455328755080699921e-03
1.613549655303359032e-03 3.455324331298470497e-03
1.613550004549324512e-03 3.455296857282519341e-03
1.613528467714786530e-03 3.455318277701735497e-03
1.613507280126214027e-03 3.455368103459477425e-03
1.613482134416699409e-03 3.455281257629394531e-03
1.613469445146620274e-03 3.455255879089236259e-03
1.613450003787875175e-03 3.455392085015773773e-03
1.613467698916792870e-03 3.455326426774263382e-03
1.613400992937386036e-03 3.455272875726222992e-03
1.613370957784354687e-03 3.455440048128366470e-03
1.613396569155156612e-03 3.455329919233918190e-03
1.613366999663412571e-03 3.455236554145812988e-03
1.613338477909564972e-03 3.455365309491753578e-03
1.613302738405764103e-03 3.455355297774076462e-03
1.613304484635591507e-03 3.455254482105374336e-03
1.613264670595526695e-03 3.455383237451314926e-03
1.613262225873768330e-03 3.455351106822490692e-03
1.613226602785289288e-03 3.455375786870718002e-03
1.613200525753200054e-03 3.455372294411063194e-03
1.613197033293545246e-03 3.455338301137089729e-03
1.613188534975051880e-03 3.455365309491753578e-03
1.613164437003433704e-03 3.455288941040635109e-03
1.613112050108611584e-03 3.455359954386949539e-03
1.613091328181326389e-03 3.455400466918945312e-03
1.613097381778061390e-03 3.455314086750149727e-03
1.613066182471811771e-03 3.455321770161390305e-03
1.613059546798467636e-03 3.455406054854393005e-03
1.613039406947791576e-03 3.455310827121138573e-03
1.613002852536737919e-03 3.455316182225942612e-03
1.612983993254601955e-03 3.455433994531631470e-03
1.612984808161854744e-03 3.455336904153227806e-03
1.612936961464583874e-03 3.455300349742174149e-03
1.612914609722793102e-03 3.455431899055838585e-03
1.612924970686435699e-03 3.455313621088862419e-03
1.612892025150358677e-03 3.455295460298657417e-03
1.612856751307845116e-03 3.455429337918758392e-03
1.612850464880466461e-03 3.455376485362648964e-03
1.612820196896791458e-03 3.455291036516427994e-03
1.612796215340495110e-03 3.455475904047489166e-03
1.612800755538046360e-03 3.455388359725475311e-03
1.612763502635061741e-03 3.455302678048610687e-03
1.612728228792548180e-03 3.455425146967172623e-03
1.612716936506330967e-03 3.455355297774076462e-03
1.612713560461997986e-03 3.455301746726036072e-03
1.612707390449941158e-03 3.455355297774076462e-03
1.612667343579232693e-03 3.455361351370811462e-03
1.612635096535086632e-03 3.455353900790214539e-03
1.612633466720581055e-03 3.455414669588208199e-03
1.612610300071537495e-03 3.455355996266007423e-03
1.612578402273356915e-03 3.455342026427388191e-03
1.612548483535647392e-03 3.455422352999448776e-03
1.612555817700922489e-03 3.455303842201828957e-03
1.612512860447168350e-03 3.455300349742174149e-03
1.612510415725409985e-03 3.455390222370624542e-03
1.612496445886790752e-03 3.455308731645345688e-03
1.612446969375014305e-03 3.455304773524403572e-03
1.612428342923521996e-03 3.455389989539980888e-03
1.612439053133130074e-03 3.455276368185877800e-03
1.612400868907570839e-03 3.455274272710084915e-03
1.612349296920001507e-03 3.455364378169178963e-03
1.612366060726344585e-03 3.455284750089049339e-03
1.612339401617646217e-03 3.455264959484338760e-03
1.612313091754913330e-03 3.455410944297909737e-03
1.612313324585556984e-03 3.455310128629207611e-03
1.612285966984927654e-03 3.455274971202015877e-03
1.612241845577955246e-03 3.455447964370250702e-03
1.612252322956919670e-03 3.455332014709711075e-03
1.612223102711141109e-03 3.455273807048797607e-03
1.612176769413053989e-03 3.455405356362462044e-03
1.612188294529914856e-03 3.455338766798377037e-03
1.612155581824481487e-03 3.455284750089049339e-03
1.612114487215876579e-03 3.455344820395112038e-03
1.612112857401371002e-03 3.455380676314234734e-03
1.612093416042625904e-03 3.455305239185690880e-03
1.612061867490410805e-03 3.455329919233918190e-03
1.612035441212356091e-03 3.455407917499542236e-03
1.612021005712449551e-03 3.455315716564655304e-03
1.612010993994772434e-03 3.455315716564655304e-03
1.611972576938569546e-03 3.455423284322023392e-03
1.611984102055430412e-03 3.455270081758499146e-03
1.611935440450906754e-03 3.455243771895766258e-03
1.611918676644563675e-03 3.455472411587834358e-03
1.611923216842114925e-03 3.455312689766287804e-03
1.611903309822082520e-03 3.455171594396233559e-03
1.611851272173225880e-03 3.455398604273796082e-03
1.611855113878846169e-03 3.455303143709897995e-03
1.611826242879033089e-03 3.455198137089610100e-03
1.611778978258371353e-03 3.455416299402713776e-03
1.611796789802610874e-03 3.455320140346884727e-03
1.611760235391557217e-03 3.455223748460412025e-03
1.611711457371711731e-03 3.455338301137089729e-03
1.611723797395825386e-03 3.455374389886856079e-03
1.611712155863642693e-03 3.455224446952342987e-03
1.611670479178428650e-03 3.455315018072724342e-03
1.611643820069730282e-03 3.455362282693386078e-03
1.611641724593937397e-03 3.455238882452249527e-03
1.611615414731204510e-03 3.455268451943993568e-03
1.611596322618424892e-03 3.455340862274169922e-03
1.611570827662944794e-03 3.455233993008732796e-03
1.611548243090510368e-03 3.455245634540915489e-03
1.611524610780179501e-03 3.455334110185503960e-03
1.611514482647180557e-03 3.455249127000570297e-03
1.611477578990161419e-03 3.455227240920066833e-03
1.611460000276565552e-03 3.455307800322771072e-03
1.611452666111290455e-03 3.455325029790401459e-03
1.611422980204224586e-03 3.455215599387884140e-03
1.611386309377849102e-03 3.455287544056773186e-03
1.611384795978665352e-03 3.455346217378973961e-03
1.611377694644033909e-03 3.455219091847538948e-03
1.611333223991096020e-03 3.455309430137276649e-03
1.611305517144501209e-03 3.455364145338535309e-03
1.611322630196809769e-03 3.455233760178089142e-03
1.611283747479319572e-03 3.455227706581354141e-03
1.611260930076241493e-03 3.455362282693386078e-03
1.611238811165094376e-03 3.455240977928042412e-03
1.611219136975705624e-03 3.455193014815449715e-03
1.611184328794479370e-03 3.455366007983684540e-03
1.611189567483961582e-03 3.455260768532752991e-03
1.611144049093127251e-03 3.455186728388071060e-03
1.611102488823235035e-03 3.455355064943432808e-03
1.611136598512530327e-03 3.455259371548891068e-03
1.611083047464489937e-03 3.455139463767409325e-03
1.611048821359872818e-03 3.455377882346510887e-03
1.611065585166215897e-03 3.455284750089049339e-03
1.611030078493058681e-03 3.455184167250990868e-03
1.610995386727154255e-03 3.455274272710084915e-03
1.610970124602317810e-03 3.455307334661483765e-03
1.610971172340214252e-03 3.455168334767222404e-03
1.610947190783917904e-03 3.455198835581541061e-03
1.610918436199426651e-03 3.455323632806539536e-03
1.610902254469692707e-03 3.455230034887790680e-03
1.610870705917477608e-03 3.455222817137837410e-03
1.610865932889282703e-03 3.455254016444087029e-03
1.610845909453928471e-03 3.455172525718808174e-03
1.610809238627552986e-03 3.455176251009106636e-03
1.610786188393831253e-03 3.455269150435924530e-03
1.610777922905981541e-03 3.455209312960505486e-03
1.610754989087581635e-03 3.455188125371932983e-03
1.610714243724942207e-03 3.455231897532939911e-03
1.610708190128207207e-03 3.455177647992968559e-03
1.610694685950875282e-03 3.455242374911904335e-03
1.610677805729210377e-03 3.455186495557427406e-03
1.610632054507732391e-03 3.455154364928603172e-03
1.610617502592504025e-03 3.455297788605093956e-03
1.610617036931216717e-03 3.455201629549264908e-03
1.610577688552439213e-03 3.455203725025057793e-03
1.610553357750177383e-03 3.455218859016895294e-03
1.610538573004305363e-03 3.455180441960692406e-03
1.610506325960159302e-03 3.455212106928229332e-03
1.610507257282733917e-03 3.455224214121699333e-03
1.610492356121540070e-03 3.455155063420534134e-03
1.610431354492902756e-03 3.455240279436111450e-03
1.610436942428350449e-03 3.455266356468200684e-03
1.610423321835696697e-03 3.455164143815636635e-03
1.610376755706965923e-03 3.455230500549077988e-03
1.610369654372334480e-03 3.455274272710084915e-03
1.610353589057922363e-03 3.455157158896327019e-03
1.610300620086491108e-03 3.455159952864050865e-03
1.610300154425203800e-03 3.455243771895766258e-03
1.610280247405171394e-03 3.455154364928603172e-03
1.610259059816598892e-03 3.455158555880188942e-03
1.610241830348968506e-03 3.455196507275104523e-03
1.610221224837005138e-03 3.455116646364331245e-03
1.610186998732388020e-03 3.455156460404396057e-03
1.610168255865573883e-03 3.455181838944554329e-03
1.610160688869655132e-03 3.455149941146373749e-03
1.610131352208554745e-03 3.455062629655003548e-03
1.610095496289432049e-03 3.455231897532939911e-03
1.610100851394236088e-03 3.455153200775384903e-03
1.610074541531503201e-03 3.455132478848099709e-03
1.610057079233229160e-03 3.455162514001131058e-03
1.610024250112473965e-03 3.455182537436485291e-03
1.610009931027889252e-03 3.455077297985553741e-03
1.609968836419284344e-03 3.455201629549264908e-03
1.609981176443397999e-03 3.455164143815636635e-03
1.609948580153286457e-03 3.455082420259714127e-03
1.609917613677680492e-03 3.455177182331681252e-03
1.609883154742419720e-03 3.455237951129674911e-03
1.609883387573063374e-03 3.455020254477858543e-03
1.609832514077425003e-03 3.455141559243202209e-03
1.609831582754850388e-03 3.455224214121699333e-03
1.609827391803264618e-03 3.455074504017829895e-03
1.609773957170546055e-03 3.455099184066057205e-03
1.609758357517421246e-03 3.455227706581354141e-03
1.609770115464925766e-03 3.455123165622353554e-03
1.609719940461218357e-03 3.455098485574126244e-03
1.609690021723508835e-03 3.455107798799872398e-03
1.609688159078359604e-03 3.455094294622540474e-03
1.609669066965579987e-03 3.455116879194974899e-03
1.609623199328780174e-03 3.455121535807847977e-03
1.609604922123253345e-03 3.455106401816010475e-03
1.609587343409657478e-03 3.455110825598239899e-03
1.609577448107302189e-03 3.455129917711019516e-03
1.609552069567143917e-03 3.455024212598800659e-03
1.609531114809215069e-03 3.455112921074032784e-03
1.609518891200423241e-03 3.455136204138398170e-03
1.609501079656183720e-03 3.455003956332802773e-03
1.609455677680671215e-03 3.455148544162511826e-03
1.609443803317844868e-03 3.455183934420347214e-03
1.609436236321926117e-03 3.454925492405891418e-03
1.609385362826287746e-03 3.455066820606589317e-03
1.609380356967449188e-03 3.455184865742921829e-03
1.609372091479599476e-03 3.455001860857009888e-03
1.609328086487948895e-03 3.455043537542223930e-03
1.609297702088952065e-03 3.455139230936765671e-03
1.609301893040537834e-03 3.455040743574500084e-03
1.609272439964115620e-03 3.455011174082756042e-03
1.609245548024773598e-03 3.455125261098146439e-03
1.609222847037017345e-03 3.455134574323892593e-03
1.609208644367754459e-03 3.455017460510134697e-03
1.609173836186528206e-03 3.455099184066057205e-03
1.609176164492964745e-03 3.455180441960692406e-03
1.609147875569760799e-03 3.455000231042504311e-03
1.609106664545834064e-03 3.455064957961440086e-03
1.609109807759523392e-03 3.455116879194974899e-03
1.609091181308031082e-03 3.454987192526459694e-03
1.609052182175219059e-03 3.455051220953464508e-03
1.609035651199519634e-03 3.455121768638491631e-03
1.609015744179487228e-03 3.454996971413493156e-03
1.608970807865262032e-03 3.455034457147121429e-03
1.608968712389469147e-03 3.455044003203511238e-03
1.608952530659735203e-03 3.455004654824733734e-03
1.608927501365542412e-03 3.455032361671328545e-03
1.608905964531004429e-03 3.455053316429257393e-03
1.608871156349778175e-03 3.455041674897074699e-03
1.608859747648239136e-03 3.455049823969602585e-03
1.608840539120137691e-03 3.455092199146747589e-03
1.608815742656588554e-03 3.455044701695442200e-03
1.608791062608361244e-03 3.455031663179397583e-03
1.608770922757685184e-03 3.455040045082569122e-03
1.608759630471467972e-03 3.455056343227624893e-03
1.608733437024056911e-03 3.454993478953838348e-03
1.608689548447728157e-03 3.455014200881123543e-03
1.608674996532499790e-03 3.455059835687279701e-03
1.608648919500410557e-03 3.455008380115032196e-03
1.608658581972122192e-03 3.454998368397355080e-03
1.608629827387630939e-03 3.454997669905424118e-03
1.608601422049105167e-03 3.455024911090731621e-03
1.608587102964520454e-03 3.454935736954212189e-03
1.608543214388191700e-03 3.455053782090544701e-03
1.608548220247030258e-03 3.455087542533874512e-03
1.608512597158551216e-03 3.454953897744417191e-03
1.608466962352395058e-03 3.455077297985553741e-03
1.608466729521751404e-03 3.455033292993903160e-03
1.608455902896821499e-03 3.454897552728652954e-03
1.608422957360744476e-03 3.455049125477671623e-03
1.608403516001999378e-03 3.455033292993903160e-03
1.608406309969723225e-03 3.454930614680051804e-03
1.608362537808716297e-03 3.455012105405330658e-03
1.608349732123315334e-03 3.455039346590638161e-03
1.608328660950064659e-03 3.454894293099641800e-03
1.608279184438288212e-03 3.455022349953651428e-03
1.608272083103656769e-03 3.455077065154910088e-03
1.608245889656245708e-03 3.454854479059576988e-03
1.608196762390434742e-03 3.454986028373241425e-03
1.608209218829870224e-03 3.455039346590638161e-03
1.608199672773480415e-03 3.454827237874269485e-03
1.608146005310118198e-03 3.455019555985927582e-03
1.608152757398784161e-03 3.455061931163072586e-03
1.608144724741578102e-03 3.454805118963122368e-03
1.608082908205688000e-03 3.455032361671328545e-03
1.608093152754008770e-03 3.455023746937513351e-03
1.608074409887194633e-03 3.454668913036584854e-03
1.608003396540880203e-03 3.455136669799685478e-03
1.608048798516392708e-03 3.454992314800620079e-03
1.607979414984583855e-03 3.454702906310558319e-03
1.607918646186590195e-03 3.455155296251177788e-03
1.607990125194191933e-03 3.454932710155844688e-03
1.607935642823576927e-03 3.454697551205754280e-03
1.607883139513432980e-03 3.455075901001691818e-03
1.607895479537546635e-03 3.454870777204632759e-03
1.607849029824137688e-03 3.454788122326135635e-03
1.607831567525863647e-03 3.455127589404582977e-03
1.607849961146712303e-03 3.454863559454679489e-03
1.607774058356881142e-03 3.454873804003000259e-03
1.607754616998136044e-03 3.455074504017829895e-03
1.607789774425327778e-03 3.454870311543345451e-03
1.607729820534586906e-03 3.454907797276973724e-03
1.607702346518635750e-03 3.454936668276786804e-03
1.607707352377474308e-03 3.454943653196096420e-03
1.607670099474489689e-03 3.454823512583971024e-03
1.607635989785194397e-03 3.454945050179958344e-03
1.607614918611943722e-03 3.455020254477858543e-03
1.607611309736967087e-03 3.454621648415923119e-03
1.607549376785755157e-03 3.455062163993716240e-03
1.607581507414579391e-03 3.454857971519231796e-03
1.607520505785942078e-03 3.454705700278282166e-03
1.607474987395107746e-03 3.454995574429631233e-03
1.607533427886664867e-03 3.454778343439102173e-03
1.607471844181418419e-03 3.454740624874830246e-03
1.607426675036549568e-03 3.454912453889846802e-03
1.607448328286409378e-03 3.454827703535556793e-03
1.607419457286596298e-03 3.454776247963309288e-03
1.607362180948257446e-03 3.454847726970911026e-03
1.607348327524960041e-03 3.454877762123942375e-03
1.607342041097581387e-03 3.454744815826416016e-03
1.607319340109825134e-03 3.454848192632198334e-03
1.607314101420342922e-03 3.454889869317412376e-03
1.607294776476919651e-03 3.454685211181640625e-03
1.607243553735315800e-03 3.454895457252860069e-03
1.607250189408659935e-03 3.454852383583784103e-03
1.607230980880558491e-03 3.454626072198152542e-03
1.607165555469691753e-03 3.454865887761116028e-03
1.607169047929346561e-03 3.454854479059576988e-03
1.607179059647023678e-03 3.454532939940690994e-03
1.607081154361367226e-03 3.454978577792644501e-03
1.607134006917476654e-03 3.454804420471191406e-03
1.607078011147677898e-03 3.454598365351557732e-03
1.607030164450407028e-03 3.454968798905611038e-03
1.607094542123377323e-03 3.454681718721985817e-03
1.607007114216685295e-03 3.454690100625157356e-03
1.607001991942524910e-03 3.454889869317412376e-03
1.607000711373984814e-03 3.454693593084812164e-03
1.606939360499382019e-03 3.454740159213542938e-03
1.606927020475268364e-03 3.454827703535556793e-03
1.606928650289773941e-03 3.454745281487703323e-03
1.606882316991686821e-03 3.454757155850529671e-03
1.606851234100759029e-03 3.454823512583971024e-03
1.606837962754070759e-03 3.454764606431126595e-03
1.606831443496048450e-03 3.454688005149364471e-03
1.606789650395512581e-03 3.454780438914895058e-03
1.606791745871305466e-03 3.454773453995585442e-03
1.606762292794883251e-03 3.454640740528702736e-03
1.606735517270863056e-03 3.454714547842741013e-03
1.606729929335415363e-03 3.454803256317973137e-03
1.606699428521096706e-03 3.454588586464524269e-03
1.606650650501251221e-03 3.454763442277908325e-03
1.606690697371959686e-03 3.454726887866854668e-03
1.606657635420560837e-03 3.454556455835700035e-03
1.606577076017856598e-03 3.454818855971097946e-03
1.606601872481405735e-03 3.454776247963309288e-03
1.606595003977417946e-03 3.454553196206688881e-03
1.606527366675436497e-03 3.454771591350436211e-03
1.606529811397194862e-03 3.454800928011536598e-03
1.606510602869093418e-03 3.454445628449320793e-03
1.606441335752606392e-03 3.454889403656125069e-03
1.606496749445796013e-03 3.454708494246006012e-03
1.606420264579355717e-03 3.454495221376419067e-03
1.606360892765223980e-03 3.454931313171982765e-03
1.606435631401836872e-03 3.454530378803610802e-03
1.606356236152350903e-03 3.454620717093348503e-03
1.606347155757248402e-03 3.454786725342273712e-03
1.606335164979100227e-03 3.454466583207249641e-03
1.606256118975579739e-03 3.454751102253794670e-03
1.606293721124529839e-03 3.454717574641108513e-03
1.606265548616647720e-03 3.454399527981877327e-03
1.606176490895450115e-03 3.454822814092040062e-03
1.606255304068326950e-03 3.454604884609580040e-03
1.606200123205780983e-03 3.454432357102632523e-03
1.606144942343235016e-03 3.454860765486955643e-03
1.606183126568794250e-03 3.454544814303517342e-03
1.606098026968538761e-03 3.454618854448199272e-03
1.606098026968538761e-03 3.454758320003747940e-03
1.606115140020847321e-03 3.454457037150859833e-03
1.606025383807718754e-03 3.454647026956081390e-03
1.606052042916417122e-03 3.454700810834765434e-03
1.606056466698646545e-03 3.454372053965926170e-03
1.605954021215438843e-03 3.454768098890781403e-03
1.606009202077984810e-03 3.454596735537052155e-03
