1.000014999999999876e+00 1.003942012786865234e+00
1.000364999999999949e+00 9.992527365684509277e-01
1.005784000000000011e+00 1.001463651657104492e+00
1.012850000000000028e+00 1.010205388069152832e+00
1.022452000000000139e+00 1.022166848182678223e+00
1.034335000000000004e+00 1.036392927169799805e+00
1.048212999999999839e+00 1.052277326583862305e+00
1.063787000000000038e+00 1.069397330284118652e+00
1.080765999999999893e+00 1.087439179420471191e+00
1.098875999999999964e+00 1.106164097785949707e+00
1.157642999999999978e+00 1.164732336997985840e+00
1.219363999999999892e+00 1.224550247192382812e+00
1.321123000000000047e+00 1.322448611259460449e+00
1.504528000000000088e+00 1.501255631446838379e+00
1.789200999999999819e+00 1.786309719085693359e+00
2.001615000000000144e+00 2.002119779586791992e+00
2.780533000000000143e+00 2.793511152267456055e+00
3.143079999999999874e+00 3.155117750167846680e+00
6.264391000000001597e+00 6.242321491241455078e+00
1.195857999999999954e+01 1.193852519989013672e+01
3.632988999999999180e+01 3.594160079956054688e+01
3.078910000000000036e+00 3.076012134552001953e+00
3.171642999999999990e+00 3.167916059494018555e+00
3.219460999999999462e+00 3.215878248214721680e+00
3.366323000000000842e+00 3.357517719268798828e+00
3.437441000000000191e+00 3.424056291580200195e+00
3.549962000000000284e+00 3.531671047210693359e+00
3.816014000000000017e+00 3.809185981750488281e+00
3.928350000000000009e+00 3.939801692962646484e+00
4.044919999999999405e+00 4.086924552917480469e+00
4.257980999999999128e+00 4.309572219848632812e+00
4.421304999999999374e+00 4.438125610351562500e+00
4.603972000000000619e+00 4.564542293548583984e+00
4.710727000000000331e+00 4.682804107666015625e+00
4.722841999999999985e+00 4.716168403625488281e+00
4.729585000000000150e+00 4.787298202514648438e+00
4.730112999999999346e+00 4.749508380889892578e+00
1.000014999999999876e+00 1.001034140586853027e+00
1.000364999999999949e+00 9.985100626945495605e-01
1.005759999999999987e+00 1.004255533218383789e+00
1.012744000000000089e+00 1.013452410697937012e+00
1.022169000000000105e+00 1.024943709373474121e+00
1.033749999999999947e+00 1.038022637367248535e+00
1.047182999999999975e+00 1.052252531051635742e+00
1.062162999999999968e+00 1.067331314086914062e+00
1.078392999999999935e+00 1.083040118217468262e+00
1.095605999999999858e+00 1.099210143089294434e+00
1.150875000000000092e+00 1.149309277534484863e+00
1.208110000000000017e+00 1.200148224830627441e+00
1.300936000000000092e+00 1.283292412757873535e+00
1.463985000000000092e+00 1.436005234718322754e+00
1.707391999999999799e+00 1.681904792785644531e+00
1.882209000000000021e+00 1.867953538894653320e+00
2.482306000000000346e+00 2.513856172561645508e+00
2.744105999999999934e+00 2.781984567642211914e+00
4.930587000000000053e+00 4.879899978637695312e+00
9.143603000000000591e+00 9.093379974365234375e+00
2.835232000000000241e+01 2.836675643920898438e+01
2.432611999999999952e+01 2.443011474609375000e+01
2.510700999999999894e+01 2.551924705505371094e+01
2.606997000000000497e+01 2.669795608520507812e+01
2.865722999999999487e+01 2.845608329772949219e+01
2.954962000000000089e+01 2.953075599670410156e+01
3.092539999999999267e+01 3.068034744262695312e+01
3.177972999999999359e+01 3.174455833435058594e+01
3.189240999999999815e+01 3.197529029846191406e+01
3.198612999999999573e+01 3.209845733642578125e+01
3.199099000000001070e+01 3.200764083862304688e+01
4.909855999999999554e+00 4.973564147949218750e+00
1.737647999999999726e+01 1.752840232849121094e+01
1.737680999999999898e+01 1.719257545471191406e+01
9.236680999999999031e+00 9.373746871948242188e+00
9.236857000000000539e+00 9.141179084777832031e+00
2.275300000000000100e+00 2.278710842132568359e+00
3.831167000000000655e+01 3.843054199218750000e+01
3.834324999999999051e+01 3.841688156127929688e+01
3.839031999999999556e+01 3.853049468994140625e+01
1.000014999999999876e+00 1.002022862434387207e+00
1.000014999999999876e+00 9.898865222930908203e-01
1.000014999999999876e+00 9.989585876464843750e-01
1.000014999999999876e+00 1.003738999366760254e+00
2.687389000000000028e-01 2.685124576091766357e-01
2.075508999999999826e+00 2.084658622741699219e+00
6.592472999999999139e+00 6.604263782501220703e+00
1.355211000000000254e+01 1.370090961456298828e+01
2.068059999999999476e+01 2.066458511352539062e+01
2.908320999999999401e+01 2.892445564270019531e+01
3.012710000000000221e+01 3.019958496093750000e+01
3.060035999999999490e+01 3.074686431884765625e+01
3.049490000000000123e+01 3.057039260864257812e+01
3.034778000000000375e+01 3.042453193664550781e+01
3.037924999999999898e+01 3.032658958435058594e+01
3.035489999999999711e+01 2.997334671020507812e+01
3.035774000000001038e+01 3.015860557556152344e+01
8.067639999999999534e-02 8.017457276582717896e-02
6.288815999999999296e-01 6.248715519905090332e-01
2.078670999999999935e+00 2.074759006500244141e+00
4.707061000000000384e+00 4.790549278259277344e+00
8.427638999999999214e+00 8.352843284606933594e+00
1.850587999999999766e+01 1.839764213562011719e+01
2.091906000000000176e+01 2.112847709655761719e+01
2.223610999999999294e+01 2.241852569580078125e+01
2.236857000000000539e+01 2.236143112182617188e+01
2.226275000000000404e+01 2.233252716064453125e+01
2.220318000000000325e+01 2.232603073120117188e+01
2.218775999999999726e+01 2.191717338562011719e+01
2.215348999999999435e+01 2.206864356994628906e+01
2.715016999999999778e-02 2.717414870858192444e-02
2.102489000000000441e-01 2.109861373901367188e-01
7.028714000000000350e-01 7.062013149261474609e-01
1.640424000000000104e+00 1.640259385108947754e+00
3.121350000000000069e+00 3.183794260025024414e+00
9.731861000000000317e+00 9.786996841430664062e+00
1.337477000000000515e+01 1.331705284118652344e+01
1.625497999999999621e+01 1.634879875183105469e+01
1.669725000000000037e+01 1.685772705078125000e+01
1.673390999999999806e+01 1.689452171325683594e+01
1.666221000000000174e+01 1.691875076293945312e+01
1.660348999999999720e+01 1.651400756835937500e+01
1.655186000000000135e+01 1.658938026428222656e+01
1.031028000000000153e-02 1.032881159335374832e-02
2.853793999999999775e-02 2.870316989719867706e-02
7.564405000000000434e-02 7.586656510829925537e-02
1.726667000000000063e-01 1.727240234613418579e-01
3.364597999999999756e-01 3.353168666362762451e-01
1.308705999999999925e+00 1.316349029541015625e+00
2.432789000000000090e+00 2.439732789993286133e+00
6.010763999999999996e+00 5.997151851654052734e+00
8.142004000000000019e+00 8.163075447082519531e+00
8.967610000000000525e+00 9.030735969543457031e+00
8.997593000000000174e+00 9.003164291381835938e+00
8.928126000000000673e+00 8.849392890930175781e+00
8.830655000000000143e+00 8.804885864257812500e+00
1.002826000000000065e-02 1.002024486660957336e-02
2.019348000000000323e-02 2.023686654865741730e-02
3.085061999999999180e-02 3.085529431700706482e-02
4.287079999999999363e-02 4.282301664352416992e-02
5.799008999999998720e-02 5.786330625414848328e-02
1.456627999999999812e-01 1.463858932256698608e-01
2.669320000000000581e-01 2.671944200992584229e-01
8.580501000000000378e-01 8.584175109863281250e-01
1.848970999999999920e+00 1.848630189895629883e+00
3.863915000000000433e+00 3.857829093933105469e+00
4.674012000000000278e+00 4.652175426483154297e+00
4.622935000000000016e+00 4.540050983428955078e+00
4.522562999999999889e+00 4.508393287658691406e+00
1.002544999999999999e-02 1.002950966358184814e-02
2.008842999999999740e-02 2.003921009600162506e-02
3.022741999999999443e-02 3.016620501875877380e-02
4.045971000000000983e-02 4.057509452104568481e-02
5.073185999999998974e-02 5.109727755188941956e-02
8.254651999999999823e-02 8.293521404266357422e-02
1.051571000000000033e-01 1.043714135885238647e-01
1.734648000000000023e-01 1.745563745498657227e-01
2.781812000000000173e-01 2.769293487071990967e-01
6.986090000000000355e-01 7.038410902023315430e-01
1.892222000000000071e+00 1.894485473632812500e+00
2.245136999999999716e+00 2.236601591110229492e+00
2.245416000000000079e+00 2.250650644302368164e+00
1.002542000000000190e-02 1.002587657421827316e-02
2.010192999999999702e-02 2.005224488675594330e-02
3.021924999999999958e-02 3.018571063876152039e-02
4.043530999999999515e-02 4.035160690546035767e-02
5.064285000000000314e-02 5.038068443536758423e-02
8.176728999999999248e-02 8.171311765909194946e-02
1.027882999999999991e-01 1.025891602039337158e-01
1.565868000000000260e-01 1.570963561534881592e-01
2.123663000000000078e-01 2.121130079030990601e-01
3.322900000000000298e-01 3.323146402835845947e-01
6.268076000000000203e-01 6.269154548645019531e-01
9.431811999999999419e-01 9.385916590690612793e-01
1.117866000000000026e+00 1.125382065773010254e+00
1.002542000000000190e-02 1.002420857548713684e-02
2.008679000000000367e-02 2.011248469352722168e-02
3.021916999999999312e-02 3.031492792069911957e-02
4.043506000000000183e-02 4.053930565714836121e-02
5.064194999999998420e-02 5.070526897907257080e-02
8.175948000000000937e-02 8.182073384523391724e-02
1.027644999999999947e-01 1.026991456747055054e-01
1.564138999999999946e-01 1.562570184469223022e-01
2.116577000000000597e-01 2.119674682617187500e-01
3.272169000000000327e-01 3.277814388275146484e-01
5.774776000000000353e-01 5.773790478706359863e-01
8.222174000000000982e-01 8.224098682403564453e-01
1.001457000000000042e+00 9.977840185165405273e-01
1.002542000000000190e-02 1.002499833703041077e-02
2.008679000000000367e-02 2.010416612029075623e-02
3.023966999999999627e-02 3.023749962449073792e-02
4.043506000000000183e-02 4.029598832130432129e-02
5.064193999999999640e-02 5.069677904248237610e-02
8.175939999999999597e-02 8.190668374300003052e-02
1.027643000000000167e-01 1.022993326187133789e-01
1.564120999999999984e-01 1.569085866212844849e-01
2.116505999999999943e-01 2.112705707550048828e-01
3.271654999999999980e-01 3.276020288467407227e-01
5.769554000000000071e-01 5.769081115722656250e-01
8.207665999999999018e-01 8.200542330741882324e-01
1.000000000000000000e+00 1.004981040954589844e+00
2.686894000000000227e-01 2.689448297023773193e-01
2.058135000000000048e+00 2.067445039749145508e+00
6.279335999999999807e+00 6.238041877746582031e+00
1.209226999999999919e+01 1.199042034149169922e+01
1.765980000000000061e+01 1.774636459350585938e+01
2.569151000000000096e+01 2.574129295349121094e+01
2.641694999999999283e+01 2.675362968444824219e+01
2.591911999999999239e+01 2.602742195129394531e+01
2.463111999999999924e+01 2.473935508728027344e+01
2.403275999999999257e+01 2.360955238342285156e+01
2.388073999999999941e+01 2.343442726135253906e+01
2.369154000000000693e+01 2.358231735229492188e+01
2.353919999999999746e+01 2.341072273254394531e+01
8.067422000000000482e-02 8.069363236427307129e-02
6.280369999999999564e-01 6.305667757987976074e-01
2.053252999999999773e+00 2.065971612930297852e+00
4.505837999999998900e+00 4.483652591705322266e+00
7.669184999999999697e+00 7.580235004425048828e+00
1.586723000000000106e+01 1.591305255889892578e+01
1.833696999999999733e+01 1.835225296020507812e+01
1.911189999999999856e+01 1.905215835571289062e+01
1.862586000000000297e+01 1.838195419311523438e+01
1.731682000000000343e+01 1.751959991455078125e+01
1.733527999999999736e+01 1.737340545654296875e+01
1.715277999999999992e+01 1.732209396362304688e+01
1.701128999999999536e+01 1.689897346496582031e+01
2.715004000000000028e-02 2.714000083506107330e-02
2.102084000000000175e-01 2.100544869899749756e-01
7.011646999999999741e-01 7.017534375190734863e-01
1.621404000000000067e+00 1.602437019348144531e+00
3.016315999999999775e+00 2.950612545013427734e+00
8.491806000000000409e+00 8.381748199462890625e+00
1.145899000000000179e+01 1.146762275695800781e+01
1.423613000000000284e+01 1.389243221282958984e+01
1.422569000000000194e+01 1.407602596282958984e+01
1.308621000000000301e+01 1.336793804168701172e+01
1.296062999999999832e+01 1.307739448547363281e+01
1.279894000000000176e+01 1.289518928527832031e+01
1.265626999999999569e+01 1.255575942993164062e+01
1.031026999999999985e-02 1.031469646841287613e-02
2.853715000000000071e-02 2.837175689637660980e-02
7.563597000000001069e-02 7.529290020465850830e-02
1.726045999999999969e-01 1.719781458377838135e-01
3.359953999999999996e-01 3.353232741355895996e-01
1.286829000000000001e+00 1.291415214538574219e+00
2.319300999999999835e+00 2.297722578048706055e+00
5.216244999999999798e+00 5.391852855682373047e+00
6.987538999999999945e+00 7.103443145751953125e+00
7.631654999999999411e+00 7.455115795135498047e+00
7.032405000000000683e+00 7.262226581573486328e+00
6.915568000000000382e+00 7.039745330810546875e+00
6.795818999999998944e+00 6.776103973388671875e+00
1.002829000000000047e-02 1.002789661288261414e-02
2.019362999999999714e-02 2.019470557570457458e-02
3.085061000000000053e-02 3.085422702133655548e-02
4.287076999999999555e-02 4.291421175003051758e-02
5.798949999999999244e-02 5.789620801806449890e-02
1.456240999999999786e-01 1.457926034927368164e-01
2.665486999999999718e-01 2.661313414573669434e-01
8.438250000000000473e-01 8.426077961921691895e-01
1.738388999999999962e+00 1.741413354873657227e+00
3.346444000000000418e+00 3.324711561203002930e+00
3.982841999999999327e+00 4.029282093048095703e+00
3.789502999999999400e+00 3.837156534194946289e+00
3.709964999999999957e+00 3.691395998001098633e+00
1.002544999999999999e-02 1.003665942698717117e-02
2.008842999999999740e-02 2.003923244774341583e-02
3.022741999999999443e-02 3.017374873161315918e-02
4.045971000000000983e-02 4.058812931180000305e-02
5.073185999999998974e-02 5.106963962316513062e-02
8.254648000000000541e-02 8.302842080593109131e-02
1.051567999999999947e-01 1.045981422066688538e-01
1.734524000000000066e-01 1.744818836450576782e-01
2.779077999999999826e-01 2.775471210479736328e-01
6.841658000000000461e-01 6.804180145263671875e-01
1.708859999999999824e+00 1.712597727775573730e+00
2.081239000000000061e+00 2.110515832901000977e+00
2.076522999999999897e+00 2.078650951385498047e+00
1.002542000000000190e-02 1.003150362521409988e-02
2.008681000000000355e-02 2.005316503345966339e-02
3.021924999999999958e-02 3.018899261951446533e-02
4.043530999999999515e-02 4.036170989274978638e-02
5.064285000000000314e-02 5.035044997930526733e-02
8.176728999999999248e-02 8.174198865890502930e-02
1.027882999999999991e-01 1.026739403605461121e-01
1.565868000000000260e-01 1.573375463485717773e-01
2.123663000000000078e-01 2.120480984449386597e-01
3.322855999999999588e-01 3.325657546520233154e-01
6.255669999999999842e-01 6.260534524917602539e-01
9.364283999999999386e-01 9.348487854003906250e-01
1.113558000000000048e+00 1.115710973739624023e+00
1.002542000000000190e-02 1.002682372927665710e-02
2.008679000000000367e-02 2.010389603674411774e-02
3.021916999999999312e-02 3.030204959213733673e-02
4.043506000000000183e-02 4.052812233567237854e-02
5.064194999999998420e-02 5.064441263675689697e-02
8.175948000000000937e-02 8.177616447210311890e-02
1.027644999999999947e-01 1.027382910251617432e-01
1.564138999999999946e-01 1.564791798591613770e-01
2.116577000000000597e-01 2.118592411279678345e-01
3.272169000000000327e-01 3.256465196609497070e-01
5.774774000000000296e-01 5.769663453102111816e-01
8.222149999999999181e-01 8.221948742866516113e-01
1.001455999999999902e+00 9.987595081329345703e-01
1.002542000000000190e-02 1.002402231097221375e-02
2.008679000000000367e-02 2.007758617401123047e-02
3.023966999999999627e-02 3.018244728446006775e-02
4.043506000000000183e-02 4.023983702063560486e-02
5.064193999999999640e-02 5.058815702795982361e-02
8.175939999999999597e-02 8.170735090970993042e-02
1.027643000000000167e-01 1.021433845162391663e-01
1.564120999999999984e-01 1.571539491415023804e-01
2.116505999999999943e-01 2.117734253406524658e-01
3.271654999999999980e-01 3.276059031486511230e-01
5.769554000000000071e-01 5.757983922958374023e-01
8.207665999999999018e-01 8.196624517440795898e-01
1.000000000000000000e+00 1.001443386077880859e+00
2.687396000000000229e-01 2.689770162105560303e-01
2.075725999999999960e+00 2.073419332504272461e+00
6.603111999999999426e+00 6.552878379821777344e+00
1.363068999999999775e+01 1.371139049530029297e+01
2.089889000000000152e+01 2.082699584960937500e+01
2.957805000000000462e+01 2.945175743103027344e+01
3.079379999999999384e+01 3.093411064147949219e+01
3.178919999999999391e+01 3.184543800354003906e+01
3.199133999999999745e+01 3.188221549987792969e+01
3.202446000000000481e+01 3.199197196960449219e+01
3.192984000000000222e+01 3.223970413208007812e+01
3.189435999999999538e+01 3.198367309570312500e+01
3.195457999999999288e+01 3.211728286743164062e+01
8.067629000000001160e-02 8.064741641283035278e-02
6.288846999999999632e-01 6.224051713943481445e-01
2.078996000000000066e+00 2.073209047317504883e+00
4.712534999999999918e+00 4.814626216888427734e+00
8.460283000000000442e+00 8.410757064819335938e+00
1.874993999999999872e+01 1.863052749633789062e+01
2.127218999999999838e+01 2.147551727294921875e+01
2.286757000000000772e+01 2.297752380371093750e+01
2.328158000000000172e+01 2.303932762145996094e+01
2.342211000000000354e+01 2.314590644836425781e+01
2.330684000000000111e+01 2.328940010070800781e+01
2.325881000000000753e+01 2.295727920532226562e+01
2.327306000000000452e+01 2.327400398254394531e+01
2.715019000000000113e-02 2.714597433805465698e-02
2.102489000000000441e-01 2.104146629571914673e-01
7.028789000000000842e-01 7.051655650138854980e-01
1.640622000000000025e+00 1.640478134155273438e+00
3.123361999999999750e+00 3.198200702667236328e+00
9.800664999999996851e+00 9.872888565063476562e+00
1.353474000000000110e+01 1.342734432220458984e+01
1.658943999999999974e+01 1.662723159790039062e+01
1.721285999999999916e+01 1.725200843811035156e+01
1.751813999999999538e+01 1.744855308532714844e+01
1.744458000000000197e+01 1.761298370361328125e+01
1.737433999999999656e+01 1.727371025085449219e+01
1.736398999999999759e+01 1.753533172607421875e+01
1.031024000000000176e-02 1.031629089266061783e-02
2.853798999999999225e-02 2.843161299824714661e-02
7.564443999999999335e-02 7.562731206417083740e-02
1.726679000000000130e-01 1.724560707807540894e-01
3.364655999999999758e-01 3.353302180767059326e-01
1.308889999999999887e+00 1.315351247787475586e+00
2.434572000000000180e+00 2.437957525253295898e+00
6.047609999999999708e+00 6.029020309448242188e+00
8.247183999999998960e+00 8.222339630126953125e+00
9.199860000000001037e+00 9.231156349182128906e+00
9.384256000000000597e+00 9.313568115234375000e+00
9.283868000000000009e+00 9.231807708740234375e+00
9.232647999999999300e+00 9.333064079284667969e+00
1.002829000000000047e-02 1.001644693315029144e-02
2.019362999999999714e-02 2.025501243770122528e-02
3.085061999999999180e-02 3.086330741643905640e-02
4.287085000000000201e-02 4.279495775699615479e-02
5.799011999999999917e-02 5.777276679873466492e-02
1.456630000000000147e-01 1.458719074726104736e-01
2.669329999999999203e-01 2.664835453033447266e-01
8.581174999999999775e-01 8.572682142257690430e-01
1.850375999999999799e+00 1.849053740501403809e+00
3.884132999999999836e+00 3.898790836334228516e+00
4.768913999999999653e+00 4.781973838806152344e+00
4.777708000000001398e+00 4.721591472625732422e+00
4.727926999999999325e+00 4.748181819915771484e+00
1.002544999999999999e-02 1.002493035048246384e-02
2.008842999999999740e-02 2.004839852452278137e-02
3.022741999999999443e-02 3.017872758209705353e-02
4.045971000000000983e-02 4.057862609624862671e-02
5.073185999999998974e-02 5.112297832965850830e-02
8.254651999999999823e-02 8.297923207283020020e-02
1.051571000000000033e-01 1.043416410684585571e-01
1.734650000000000081e-01 1.736671924591064453e-01
2.781821999999999906e-01 2.750760018825531006e-01
6.986634000000000455e-01 6.996829509735107422e-01
1.895707000000000031e+00 1.900986313819885254e+00
2.256045999999999996e+00 2.238829135894775391e+00
2.274820999999999760e+00 2.261005640029907227e+00
1.002542000000000190e-02 1.002164464443922043e-02
2.008681000000000355e-02 2.005080878734588623e-02
3.021924999999999958e-02 3.018742613494396210e-02
4.043530999999999515e-02 4.035527259111404419e-02
5.064285000000000314e-02 5.042260512709617615e-02
8.176728999999999248e-02 8.173944801092147827e-02
1.027882999999999991e-01 1.025520265102386475e-01
1.565868000000000260e-01 1.569274663925170898e-01
2.123663000000000078e-01 2.122250497341156006e-01
3.322900000000000298e-01 3.324995338916778564e-01
6.268126000000000531e-01 6.249494552612304688e-01
9.432511000000000090e-01 9.310483336448669434e-01
1.118856999999999990e+00 1.112323403358459473e+00
1.002542000000000190e-02 1.002144720405340195e-02
2.008679000000000367e-02 2.011316269636154175e-02
3.021916999999999312e-02 3.031854890286922455e-02
4.043506000000000183e-02 4.054940864443778992e-02
5.064194999999998420e-02 5.077054351568222046e-02
8.175948000000000937e-02 8.191794902086257935e-02
1.027644999999999947e-01 1.027147471904754639e-01
1.564138999999999946e-01 1.560261845588684082e-01
2.116577000000000597e-01 2.119505703449249268e-01
3.272169000000000327e-01 3.292933106422424316e-01
5.774776000000000353e-01 5.780306458473205566e-01
8.222174999999999345e-01 8.209348917007446289e-01
1.001457000000000042e+00 9.966939687728881836e-01
1.002542000000000190e-02 1.002690009772777557e-02
2.008679000000000367e-02 2.012179978191852570e-02
3.023966999999999627e-02 3.027894534170627594e-02
4.043506000000000183e-02 4.033824056386947632e-02
5.064193999999999640e-02 5.078973993659019470e-02
8.175939999999999597e-02 8.211887627840042114e-02
1.027643000000000167e-01 1.024854332208633423e-01
1.564120999999999984e-01 1.566682904958724976e-01
2.116505999999999943e-01 2.105741351842880249e-01
3.271654999999999980e-01 3.270210921764373779e-01
5.769554000000000071e-01 5.774453878402709961e-01
8.207665999999999018e-01 8.190560936927795410e-01
1.000000000000000000e+00 1.004426002502441406e+00
1.002829000000000047e-02 1.001524273306131363e-02
2.019357000000000443e-02 2.025024220347404480e-02
3.084893999999999831e-02 3.078646399080753326e-02
4.284290000000001014e-02 4.284275695681571960e-02
5.771874999999998535e-02 5.763566121459007263e-02
1.317362999999999729e-01 1.303157657384872437e-01
2.036617999999999762e-01 2.056540846824645996e-01
3.824198999999999793e-01 3.817871212959289551e-01
4.079852999999999952e-01 4.089283645153045654e-01
6.149624999999999675e-01 6.151228547096252441e-01
2.800159999999999982e+00 2.785531520843505859e+00
3.052070999999999756e+00 3.021151065826416016e+00
3.033334999999999670e+00 3.035121440887451172e+00
1.002544999999999999e-02 1.001681573688983917e-02
2.008842999999999740e-02 2.020714245736598969e-02
3.022741000000000317e-02 3.012029267847537994e-02
4.045971000000000983e-02 4.028550162911415100e-02
5.073159999999998782e-02 5.027136206626892090e-02
8.253338000000000341e-02 8.280546218156814575e-02
1.050249999999999934e-01 1.048351228237152100e-01
1.688239999999999741e-01 1.694231629371643066e-01
2.419711000000000223e-01 2.398432642221450806e-01
3.729390999999999678e-01 3.741507530212402344e-01
9.317840000000000567e-01 8.908350467681884766e-01
1.775520999999999905e+00 1.758539676666259766e+00
1.858749999999999902e+00 1.868226528167724609e+00
1.002542000000000190e-02 1.001030672341585159e-02
2.008681000000000355e-02 2.011357247829437256e-02
3.021924999999999958e-02 3.014825098216533661e-02
4.043530999999999515e-02 4.035938158631324768e-02
5.064284000000000147e-02 5.013200640678405762e-02
8.176727999999998386e-02 8.154150843620300293e-02
1.027882999999999991e-01 1.014770418405532837e-01
1.565842999999999818e-01 1.569951176643371582e-01
2.123179000000000038e-01 2.124230265617370605e-01
3.305444000000000160e-01 3.218774795532226562e-01
5.912399999999999878e-01 5.909950733184814453e-01
8.893439000000000760e-01 8.993904590606689453e-01
1.084400000000000031e+00 1.086930513381958008e+00
1.002542000000000190e-02 1.001825369894504547e-02
2.008679000000000367e-02 2.005003765225410461e-02
3.021916999999999312e-02 3.024020604789257050e-02
4.043506000000000183e-02 4.065058752894401550e-02
5.064194999999998420e-02 5.086055397987365723e-02
8.175948000000000937e-02 8.249065279960632324e-02
1.027644999999999947e-01 1.023445054888725281e-01
1.564138999999999946e-01 1.542811095714569092e-01
2.116577000000000597e-01 2.127477973699569702e-01
3.272160000000000069e-01 3.301801979541778564e-01
5.773589000000000082e-01 5.792888402938842773e-01
8.219006999999999286e-01 8.127542138099670410e-01
1.001251000000000113e+00 9.936052560806274414e-01
1.002542000000000190e-02 1.002668030560016632e-02
2.008679000000000367e-02 2.003801614046096802e-02
3.023966999999999627e-02 3.021451830863952637e-02
4.043506000000000183e-02 4.041110724210739136e-02
5.064193999999999640e-02 5.090067908167839050e-02
8.175939999999999597e-02 8.260924369096755981e-02
1.027643000000000167e-01 1.030204296112060547e-01
1.564120999999999984e-01 1.570534557104110718e-01
2.116505999999999943e-01 2.111542075872421265e-01
3.271654999999999980e-01 3.267938196659088135e-01
5.769554000000000071e-01 5.797131061553955078e-01
8.207665999999999018e-01 8.229737281799316406e-01
1.000000000000000000e+00 9.938203692436218262e-01
1.002829000000000047e-02 1.004147902131080627e-02
2.019361000000000073e-02 2.013760246336460114e-02
3.085031000000000231e-02 3.074743039906024933e-02
4.286617999999999679e-02 4.343542456626892090e-02
5.793754000000000265e-02 5.965977534651756287e-02
1.416443000000000285e-01 1.431553959846496582e-01
2.425442000000000153e-01 2.400147169828414917e-01
5.754003000000000867e-01 5.754346251487731934e-01
8.497331000000000190e-01 8.488053083419799805e-01
1.011796999999999835e+00 1.013007283210754395e+00
2.987462999999999980e+00 2.979562520980834961e+00
3.144128999999999952e+00 3.122197389602661133e+00
3.115168999999999855e+00 3.110351085662841797e+00
1.002544999999999999e-02 1.004220359027385712e-02
2.008842999999999740e-02 2.013687789440155029e-02
3.022741000000000317e-02 3.020486608147621155e-02
4.045971000000000983e-02 4.048996046185493469e-02
5.073179000000000577e-02 5.066047236323356628e-02
8.254438999999999527e-02 8.302721381187438965e-02
1.051319000000000142e-01 1.051783934235572815e-01
1.720895000000000341e-01 1.706484705209732056e-01
2.617425999999999919e-01 2.631256282329559326e-01
4.738574999999999871e-01 4.718642830848693848e-01
1.070070999999999994e+00 1.065406203269958496e+00
1.833195999999999826e+00 1.846583366394042969e+00
1.894989000000000257e+00 1.908137798309326172e+00
1.002542000000000190e-02 1.003289129585027695e-02
2.008681000000000355e-02 2.010997757315635681e-02
3.021924999999999958e-02 3.026923909783363342e-02
4.043530999999999515e-02 4.047473892569541931e-02
5.064284000000000147e-02 5.032825842499732971e-02
8.176728999999999248e-02 8.155310153961181641e-02
1.027882999999999991e-01 1.018621623516082764e-01
1.565864000000000422e-01 1.570202857255935669e-01
2.123576000000000075e-01 2.123952507972717285e-01
3.317106999999999695e-01 3.305207788944244385e-01
6.028505999999999032e-01 6.049042940139770508e-01
9.029066999999999510e-01 9.048196077346801758e-01
1.092251000000000083e+00 1.090527057647705078e+00
1.002542000000000190e-02 1.002330146729946136e-02
2.008679000000000367e-02 2.011717855930328369e-02
3.021916999999999312e-02 3.034798987209796906e-02
4.043506000000000183e-02 4.065161570906639099e-02
5.064194999999998420e-02 5.077126994729042053e-02
8.175948000000000937e-02 8.200188726186752319e-02
1.027644999999999947e-01 1.024566590785980225e-01
1.564138999999999946e-01 1.551444679498672485e-01
2.116577000000000597e-01 2.113831043243408203e-01
3.272167999999999743e-01 3.251930773258209229e-01
5.774445999999999746e-01 5.809518694877624512e-01
8.220652000000000514e-01 8.260980844497680664e-01
1.001361000000000168e+00 9.978346824645996094e-01
1.002542000000000190e-02 1.002075895667076111e-02
2.008679000000000367e-02 2.007809840142726898e-02
3.023966999999999627e-02 3.019833378493785858e-02
4.043506000000000183e-02 4.030150547623634338e-02
5.064193999999999640e-02 5.067105591297149658e-02
8.175939999999999597e-02 8.191642165184020996e-02
1.027643000000000167e-01 1.023539602756500244e-01
1.564120999999999984e-01 1.571979075670242310e-01
2.116505999999999943e-01 2.117096185684204102e-01
3.271654999999999980e-01 3.272158205509185791e-01
5.769554000000000071e-01 5.773383975028991699e-01
8.207665999999999018e-01 8.234965205192565918e-01
1.000000000000000000e+00 1.000190973281860352e+00
1.031028000000000153e-02 1.028589718043804169e-02
2.853302000000000616e-02 2.850686758756637573e-02
7.555046999999999457e-02 7.584112137556076050e-02
1.717172999999999616e-01 1.722244173288345337e-01
3.304265999999999592e-01 3.309361040592193604e-01
1.150928000000000173e+00 1.151946902275085449e+00
1.862809999999999855e+00 1.861410140991210938e+00
3.446851000000000109e+00 3.419209957122802734e+00
3.630631999999999859e+00 3.993842601776123047e+00
4.715861000000000303e+00 4.756990432739257812e+00
5.736006999999999856e+00 5.642261028289794922e+00
5.631241999999999415e+00 5.720993995666503906e+00
5.561956999999999596e+00 5.546723842620849609e+00
1.002829000000000047e-02 1.003457698971033096e-02
2.019362000000000240e-02 2.012293227016925812e-02
3.085054999999999742e-02 3.078382834792137146e-02
4.287019999999999720e-02 4.310389235615730286e-02
5.798313999999999552e-02 5.835316330194473267e-02
1.449305999999999928e-01 1.448232382535934448e-01
2.614751999999999632e-01 2.605154514312744141e-01
7.513250000000000206e-01 7.536284923553466797e-01
1.338386999999999993e+00 1.346106410026550293e+00
2.026284999999999670e+00 2.051041126251220703e+00
3.341134999999999966e+00 3.343765258789062500e+00
3.327909999999999702e+00 3.333083629608154297e+00
3.281260000000000066e+00 3.276227951049804688e+00
1.002544999999999999e-02 1.004310231655836105e-02
2.008842999999999740e-02 2.008164860308170319e-02
3.022741999999999443e-02 3.022414073348045349e-02
4.045971000000000983e-02 4.060199111700057983e-02
5.073183999999999333e-02 5.096782743930816650e-02
8.254621000000000874e-02 8.313964307308197021e-02
1.051538000000000195e-01 1.048659309744834900e-01
1.732339999999999991e-01 1.717969030141830444e-01
2.741101000000000232e-01 2.751913964748382568e-01
5.993559999999999999e-01 5.990413427352905273e-01
1.341220999999999997e+00 1.346388578414916992e+00
1.925885999999999987e+00 1.938992261886596680e+00
1.958734999999999893e+00 1.959990024566650391e+00
1.002542000000000190e-02 1.003568992018699646e-02
2.008681000000000355e-02 2.008657529950141907e-02
3.021924999999999958e-02 3.024593368172645569e-02
4.043530999999999515e-02 4.042941331863403320e-02
5.064285000000000314e-02 5.036564171314239502e-02
8.176728999999999248e-02 8.172208815813064575e-02
1.027882999999999991e-01 1.024466305971145630e-01
1.565866999999999953e-01 1.570709794759750366e-01
2.123653999999999820e-01 2.118555307388305664e-01
3.321947000000000094e-01 3.335590660572052002e-01
6.160115999999999925e-01 6.173921227455139160e-01
9.200360999999999123e-01 9.173442721366882324e-01
1.101799999999999891e+00 1.092335939407348633e+00
1.002542000000000190e-02 1.002707146108150482e-02
2.008679000000000367e-02 2.011637762188911438e-02
3.021916999999999312e-02 3.032794594764709473e-02
4.043506000000000183e-02 4.057415947318077087e-02
5.064194999999998420e-02 5.067468807101249695e-02
8.175948000000000937e-02 8.183481544256210327e-02
1.027644999999999947e-01 1.026798486709594727e-01
1.564138999999999946e-01 1.561070233583450317e-01
2.116577000000000597e-01 2.115070670843124390e-01
3.272169000000000327e-01 3.247075378894805908e-01
5.774736000000000313e-01 5.793314576148986816e-01
8.221744000000000829e-01 8.282065987586975098e-01
1.001430999999999960e+00 1.001805663108825684e+00
1.002542000000000190e-02 1.002210192382335663e-02
2.008679000000000367e-02 2.007699571549892426e-02
3.023966999999999627e-02 3.017822280526161194e-02
4.043506000000000183e-02 4.024614393711090088e-02
5.064193999999999640e-02 5.058278515934944153e-02
8.175939999999999597e-02 8.170069009065628052e-02
1.027643000000000167e-01 1.021507978439331055e-01
1.564120999999999984e-01 1.572418510913848877e-01
2.116505999999999943e-01 2.118825316429138184e-01
3.271654999999999980e-01 3.274049758911132812e-01
5.769554000000000071e-01 5.757345557212829590e-01
8.207665999999999018e-01 8.205794095993041992e-01
1.000000000000000000e+00 1.000316858291625977e+00
2.714970000000000230e-02 2.714359760284423828e-02
2.100695999999999952e-01 2.094042301177978516e-01
6.972391000000000005e-01 6.928951144218444824e-01
1.587013999999999925e+00 1.586166977882385254e+00
2.857657000000000114e+00 2.893346071243286133e+00
7.330292000000000030e+00 7.453961849212646484e+00
9.682741999999999294e+00 9.696378707885742188e+00
1.083338000000000001e+01 1.084325027465820312e+01
1.131896000000000413e+01 1.142081356048583984e+01
1.205081000000000024e+01 1.128237915039062500e+01
1.169439000000000384e+01 1.147505378723144531e+01
1.152860000000000262e+01 1.147455596923828125e+01
1.137743000000000038e+01 1.096033382415771484e+01
1.031028000000000153e-02 1.030551083385944366e-02
2.853601999999999875e-02 2.833346650004386902e-02
7.561801000000001327e-02 7.541593164205551147e-02
1.724143999999999954e-01 1.726293563842773438e-01
3.346694000000000613e-01 3.363036215305328369e-01
1.245854999999999935e+00 1.252690196037292480e+00
2.152736999999999679e+00 2.133245706558227539e+00
4.465137999999999607e+00 4.503871440887451172e+00
5.805741000000001151e+00 5.762200832366943359e+00
6.286616000000000426e+00 6.260646343231201172e+00
6.349711000000000105e+00 6.430322170257568359e+00
6.235641000000000211e+00 6.332311153411865234e+00
6.133316000000000656e+00 6.091845035552978516e+00
1.002829000000000047e-02 1.003143750131130219e-02
2.019362999999999714e-02 2.016533724963665009e-02
3.085059000000000412e-02 3.083423897624015808e-02
4.287065000000000320e-02 4.296708852052688599e-02
5.798820999999999143e-02 5.793910101056098938e-02
1.454821000000000308e-01 1.449671089649200439e-01
2.653287999999999758e-01 2.640857398509979248e-01
8.156392000000000087e-01 8.145241737365722656e-01
1.588268000000000013e+00 1.596921324729919434e+00
2.845474999999999977e+00 2.801799058914184570e+00
3.666374999999999940e+00 3.678590536117553711e+00
3.533072999999999908e+00 3.555054187774658203e+00
3.469180999999999404e+00 3.453591346740722656e+00
1.002544999999999999e-02 1.004006527364253998e-02
2.008842999999999740e-02 2.005624771118164062e-02
3.022741999999999443e-02 3.019823320209980011e-02
4.045971000000000983e-02 4.060128703713417053e-02
5.073184999999998807e-02 5.104188993573188782e-02
8.254641999999998148e-02 8.308094739913940430e-02
1.051562000000000052e-01 1.046850010752677917e-01
1.734107000000000287e-01 1.734489947557449341e-01
2.770039999999999725e-01 2.768341898918151855e-01
6.556841999999999393e-01 6.517158150672912598e-01
1.552750000000000075e+00 1.550457596778869629e+00
2.003916999999999948e+00 2.020972728729248047e+00
2.015497000000000316e+00 2.006132125854492188e+00
1.002542000000000190e-02 1.003363728523254395e-02
2.008681000000000355e-02 2.006566338241100311e-02
3.021924999999999958e-02 3.021036274731159210e-02
4.043530999999999515e-02 4.038686677813529968e-02
5.064285000000000314e-02 5.035533010959625244e-02
8.176728999999999248e-02 8.174575865268707275e-02
1.027882999999999991e-01 1.026196628808975220e-01
1.565866999999999953e-01 1.572615653276443481e-01
2.123661000000000298e-01 2.119530737400054932e-01
3.322689000000000337e-01 3.330263495445251465e-01
6.223609999999999420e-01 6.229172348976135254e-01
9.297370000000000356e-01 9.266731739044189453e-01
1.108967999999999954e+00 1.101538658142089844e+00
1.002542000000000190e-02 1.002733502537012100e-02
2.008679000000000367e-02 2.010800689458847046e-02
3.021916999999999312e-02 3.031003661453723907e-02
4.043506000000000183e-02 4.054196551442146301e-02
5.064194999999998420e-02 5.064755678176879883e-02
8.175948000000000937e-02 8.179037272930145264e-02
1.027644999999999947e-01 1.027297601103782654e-01
1.564138999999999946e-01 1.563957929611206055e-01
2.116577000000000597e-01 2.117241472005844116e-01
3.272169000000000327e-01 3.250734508037567139e-01
5.774766999999999539e-01 5.777206420898437500e-01
8.222061999999999982e-01 8.245431184768676758e-01
1.001449000000000034e+00 1.000562071800231934e+00
1.002542000000000190e-02 1.002321019768714905e-02
2.008679000000000367e-02 2.007553540170192719e-02
3.023966999999999627e-02 3.017604351043701172e-02
4.043506000000000183e-02 4.023611545562744141e-02
5.064193999999999640e-02 5.057451128959655762e-02
8.175939999999999597e-02 8.168167620897293091e-02
1.027643000000000167e-01 1.021274030208587646e-01
1.564120999999999984e-01 1.572099030017852783e-01
2.116505999999999943e-01 2.118574678897857666e-01
3.271654999999999980e-01 3.275168836116790771e-01
5.769554000000000071e-01 5.755836367607116699e-01
8.207665999999999018e-01 8.197630643844604492e-01
1.000000000000000000e+00 1.000515341758728027e+00
2.687348999999999433e-01 2.681441903114318848e-01
2.073468000000000089e+00 2.054297447204589844e+00
6.539472999999999203e+00 6.547730922698974609e+00
1.327124999999999844e+01 1.343488693237304688e+01
2.003359999999999630e+01 2.017145919799804688e+01
2.835322000000000386e+01 2.802250862121582031e+01
2.928252000000000166e+01 2.895211410522460938e+01
2.881546000000000163e+01 2.874639320373535156e+01
2.810291999999999746e+01 2.807870101928710938e+01
2.716707000000000960e+01 2.748343849182128906e+01
2.719442999999999344e+01 2.721001243591308594e+01
2.653340999999999283e+01 2.708427429199218750e+01
2.678284999999999982e+01 2.746993827819824219e+01
1.002829000000000047e-02 1.002315804362297058e-02
2.019362999999999714e-02 2.022079192101955414e-02
3.085061999999999180e-02 3.085567615926265717e-02
4.287083000000000560e-02 4.286082461476325989e-02
5.799000000000000682e-02 5.790488794445991516e-02
1.456605999999999734e-01 1.464440077543258667e-01
2.669104999999999950e-01 2.673241198062896729e-01
8.569014999999999826e-01 8.565222620964050293e-01
1.834829000000000043e+00 1.830340981483459473e+00
3.751527999999999530e+00 3.741854190826416016e+00
4.426930000000000476e+00 4.468105316162109375e+00
4.247334999999999638e+00 4.300460338592529297e+00
4.130112000000000450e+00 4.185222148895263672e+00
1.002542000000000190e-02 1.002835389226675034e-02
2.008681000000000355e-02 2.004848606884479523e-02
3.021924999999999958e-02 3.018023446202278137e-02
4.043530999999999515e-02 4.034864902496337891e-02
5.064285000000000314e-02 5.036051198840141296e-02
8.176728999999999248e-02 8.172338455915451050e-02
1.027882999999999991e-01 1.026463434100151062e-01
1.565868000000000260e-01 1.572509258985519409e-01
2.123663000000000078e-01 2.121049463748931885e-01
3.322897999999999685e-01 3.322863578796386719e-01
6.267303000000000734e-01 6.275193691253662109e-01
9.423570000000000002e-01 9.404092431068420410e-01
1.117311000000000165e+00 1.129120349884033203e+00
1.002542000000000190e-02 1.002547517418861389e-02
2.008679000000000367e-02 2.010613121092319489e-02
3.021916999999999312e-02 3.030504472553730011e-02
4.043506000000000183e-02 4.052859172224998474e-02
5.064194999999998420e-02 5.066934600472450256e-02
8.175948000000000937e-02 8.178871124982833862e-02
1.027644999999999947e-01 1.027190312743186951e-01
1.564138999999999946e-01 1.564023196697235107e-01
2.116577000000000597e-01 2.119541764259338379e-01
3.272169000000000327e-01 3.267931044101715088e-01
5.774774999999999769e-01 5.769501328468322754e-01
8.222173000000000398e-01 8.217020630836486816e-01
1.001457000000000042e+00 9.976047873497009277e-01
1.002542000000000190e-02 1.002472918480634689e-02
2.008679000000000367e-02 2.008920162916183472e-02
3.023966999999999627e-02 3.020775876939296722e-02
4.043506000000000183e-02 4.026501625776290894e-02
5.064193999999999640e-02 5.063920095562934875e-02
8.175939999999999597e-02 8.180066198110580444e-02
1.027643000000000167e-01 1.022142022848129272e-01
1.564120999999999984e-01 1.570306718349456787e-01
2.116505999999999943e-01 2.115436494350433350e-01
3.271654999999999980e-01 3.276712000370025635e-01
5.769554000000000071e-01 5.764107704162597656e-01
8.207665999999999018e-01 8.199629187583923340e-01
1.000000000000000000e+00 1.003579974174499512e+00
2.687394000000000172e-01 2.687334418296813965e-01
2.075698000000000043e+00 2.083366870880126953e+00
6.601446000000001924e+00 6.577406406402587891e+00
1.361539000000000144e+01 1.370850753784179688e+01
2.084767000000000081e+01 2.077042579650878906e+01
2.940756000000000014e+01 2.929390144348144531e+01
3.054895999999999390e+01 3.072520828247070312e+01
3.135938999999999410e+01 3.155407905578613281e+01
3.146390999999999138e+01 3.154509735107421875e+01
3.153716000000000363e+01 3.158127021789550781e+01
3.158691999999999922e+01 3.167946434020996094e+01
3.155488000000000426e+01 3.135125350952148438e+01
3.160545999999999722e+01 3.145371627807617188e+01
1.002829000000000047e-02 1.001843530684709549e-02
2.019362999999999714e-02 2.024709619581699371e-02
3.085061999999999180e-02 3.085758909583091736e-02
4.287085000000000201e-02 4.280239343643188477e-02
5.799011000000001137e-02 5.782046914100646973e-02
1.456630000000000147e-01 1.461940258741378784e-01
2.669329999999999203e-01 2.668805122375488281e-01
8.581180000000000474e-01 8.582636713981628418e-01
1.850220999999999894e+00 1.851327896118164062e+00
3.881149999999999878e+00 3.887934923171997070e+00
4.748442000000000718e+00 4.724206924438476562e+00
4.747181000000000317e+00 4.640352725982666016e+00
4.687939000000000078e+00 4.648032665252685547e+00
1.002542000000000190e-02 1.002406328916549683e-02
2.008681000000000355e-02 2.005482092499732971e-02
3.021924999999999958e-02 3.019024431705474854e-02
4.043530999999999515e-02 4.035547375679016113e-02
5.064285000000000314e-02 5.039883032441139221e-02
8.176728999999999248e-02 8.171479403972625732e-02
1.027882999999999991e-01 1.025550961494445801e-01
1.565868000000000260e-01 1.569911539554595947e-01
2.123663000000000078e-01 2.121325433254241943e-01
3.322900000000000298e-01 3.323915004730224609e-01
6.268123999999999363e-01 6.261076331138610840e-01
9.432444999999999302e-01 9.356570839881896973e-01
1.117796000000000012e+00 1.119169831275939941e+00
1.002542000000000190e-02 1.002318039536476135e-02
2.008679000000000367e-02 2.011631056666374207e-02
3.021916999999999312e-02 3.032124601304531097e-02
4.043506000000000183e-02 4.054737463593482971e-02
5.064194999999998420e-02 5.073472857475280762e-02
8.175948000000000937e-02 8.185505867004394531e-02
1.027644999999999947e-01 1.026936024427413940e-01
1.564138999999999946e-01 1.561442613601684570e-01
2.116577000000000597e-01 2.119602262973785400e-01
3.272169000000000327e-01 3.284714818000793457e-01
5.774776000000000353e-01 5.777075886726379395e-01
8.222174999999999345e-01 8.225014805793762207e-01
1.001457000000000042e+00 9.977944493293762207e-01
1.002542000000000190e-02 1.002535969018936157e-02
2.008679000000000367e-02 2.011500298976898193e-02
3.023966999999999627e-02 3.025956079363822937e-02
4.043506000000000183e-02 4.031889140605926514e-02
5.064193999999999640e-02 5.074096843600273132e-02
8.175939999999999597e-02 8.199474960565567017e-02
1.027643000000000167e-01 1.023733764886856079e-01
1.564120999999999984e-01 1.568099707365036011e-01
2.116505999999999943e-01 2.110139876604080200e-01
3.271654999999999980e-01 3.274433910846710205e-01
5.769554000000000071e-01 5.771980881690979004e-01
8.207665999999999018e-01 8.198507428169250488e-01
1.000000000000000000e+00 1.005370736122131348e+00
2.687450999999999590e-01 2.688984274864196777e-01
2.075727999999999795e+00 2.061829090118408203e+00
6.603211000000000830e+00 6.542102336883544922e+00
1.363143999999999956e+01 1.373603439331054688e+01
2.090209999999999724e+01 2.086867332458496094e+01
2.960135999999999967e+01 2.944762611389160156e+01
3.083316000000000301e+01 3.089941024780273438e+01
3.185841000000000278e+01 3.174976921081542969e+01
3.206284000000000134e+01 3.174495887756347656e+01
3.206019000000000574e+01 3.183925819396972656e+01
3.196071999999999846e+01 3.213788986206054688e+01
3.192693999999999477e+01 3.190494346618652344e+01
3.198890000000000100e+01 3.204639434814453125e+01
1.002829000000000047e-02 1.001540757715702057e-02
2.019362999999999714e-02 2.024320699274539948e-02
3.085062999999999347e-02 3.086946718394756317e-02
4.287098999999999771e-02 4.284005239605903625e-02
5.799020999999999343e-02 5.777308344841003418e-02
1.456657999999999842e-01 1.455292701721191406e-01
2.669381000000000115e-01 2.664641141891479492e-01
8.581153000000000253e-01 8.556822538375854492e-01
1.850377999999999856e+00 1.842204689979553223e+00
3.884338999999999764e+00 3.895014762878417969e+00
4.771183000000000618e+00 4.821358680725097656e+00
4.779688000000001047e+00 4.776451110839843750e+00
4.730106000000000144e+00 4.794723033905029297e+00
1.002542000000000190e-02 1.001897174865007401e-02
2.008681000000000355e-02 2.001764252781867981e-02
3.021924999999999958e-02 3.014847449958324432e-02
4.043530999999999515e-02 4.032961651682853699e-02
5.064285000000000314e-02 5.043645948171615601e-02
8.176728999999999248e-02 8.182181417942047119e-02
1.027882999999999991e-01 1.026745811104774475e-01
1.565868000000000260e-01 1.571030765771865845e-01
2.123663000000000078e-01 2.125313431024551392e-01
3.322900000000000298e-01 3.325578570365905762e-01
6.268124999999999947e-01 6.238853931427001953e-01
9.432507999999999448e-01 9.256981611251831055e-01
1.118851000000000040e+00 1.113613367080688477e+00
1.002542000000000190e-02 1.001865230500698090e-02
2.008679999999999841e-02 2.007872052490711212e-02
3.021916999999999312e-02 3.027400746941566467e-02
4.043508000000000518e-02 4.051627591252326965e-02
5.064196000000000669e-02 5.078529193997383118e-02
8.175948000000000937e-02 8.202005177736282349e-02
1.027644999999999947e-01 1.028159856796264648e-01
1.564138999999999946e-01 1.560309827327728271e-01
2.116577000000000597e-01 2.119998782873153687e-01
3.272169000000000327e-01 3.299807906150817871e-01
5.774776000000000353e-01 5.781118273735046387e-01
8.222174999999999345e-01 8.147442936897277832e-01
1.001457000000000042e+00 9.920699000358581543e-01
1.002542000000000190e-02 1.003263238817453384e-02
2.008679000000000367e-02 2.009728550910949707e-02
3.023966999999999627e-02 3.025672771036624908e-02
4.043506000000000183e-02 4.031211882829666138e-02
5.064193999999999640e-02 5.079331994056701660e-02
8.175939999999999597e-02 8.224563300609588623e-02
1.027643000000000167e-01 1.026220321655273438e-01
1.564120999999999984e-01 1.565144509077072144e-01
2.116505999999999943e-01 2.099253982305526733e-01
3.271654999999999980e-01 3.261306583881378174e-01
5.769554000000000071e-01 5.774836540222167969e-01
8.207665999999999018e-01 8.170084953308105469e-01
1.000000000000000000e+00 9.996688961982727051e-01
