1.000000000000000000e+00 9.999869465827941895e-01
1.000014999999999876e+00 1.000019550323486328e+00
1.000364999999999949e+00 1.000148534774780273e+00
1.001457000000000042e+00 1.002002120018005371e+00
1.005784000000000011e+00 1.004244804382324219e+00
1.012850000000000028e+00 1.014278173446655273e+00
1.022452000000000139e+00 1.023426890373229980e+00
1.034335000000000004e+00 1.034102559089660645e+00
1.048212999999999839e+00 1.047266244888305664e+00
1.063787000000000038e+00 1.062728762626647949e+00
1.080765999999999893e+00 1.079990983009338379e+00
1.098875999999999964e+00 1.098567247390747070e+00
1.117866000000000026e+00 1.118057370185852051e+00
1.157642999999999978e+00 1.158622264862060547e+00
1.219363999999999892e+00 1.220712304115295410e+00
1.321123000000000047e+00 1.321656584739685059e+00
1.504528000000000088e+00 1.503003954887390137e+00
1.789200999999999819e+00 1.787804841995239258e+00
2.001615000000000144e+00 2.001840591430664062e+00
2.245416000000000079e+00 2.246886730194091797e+00
2.780533000000000143e+00 2.780936479568481445e+00
3.143079999999999874e+00 3.141817569732666016e+00
4.522562999999999889e+00 4.521039009094238281e+00
6.264391000000001597e+00 6.267650604248046875e+00
8.830655000000000143e+00 8.833141326904296875e+00
1.195857999999999954e+01 1.195096111297607422e+01
1.655186000000000135e+01 1.653953361511230469e+01
2.215348999999999435e+01 2.216676330566406250e+01
3.035774000000001038e+01 3.039034461975097656e+01
3.632988999999999180e+01 3.629357147216796875e+01
