1.881963999999999970e+00 1.890217185020446777e+00
1.030219170000000073e+00 1.030164003372192383e+00
1.769806000000000523e+01 1.766978836059570312e+01
5.556020332999999312e+00 5.546779632568359375e+00
1.467280649999999964e+00 1.470833301544189453e+00
1.102764300000000031e+00 1.103430986404418945e+00
5.314796000000000298e+00 5.431822776794433594e+00
1.156413899999999995e+00 1.157948136329650879e+00
1.474103149999999918e+00 1.474359869956970215e+00
1.030850620000000051e+00 1.030349969863891602e+00
1.050641949999999936e+00 1.050108432769775391e+00
1.575400300000000087e+00 1.557929754257202148e+00
6.631241999999998527e+00 6.641625404357910156e+00
1.030227409999999955e+00 1.030753612518310547e+00
1.010028289999999940e+00 1.010250687599182129e+00
1.050641960000000097e+00 1.049942493438720703e+00
1.102764300000000031e+00 1.103078603744506836e+00
1.102764300000000031e+00 1.103752970695495605e+00
5.775435500000000388e+00 5.755674839019775391e+00
3.075876500000000124e+00 3.117942094802856445e+00
1.131736300000000028e+00 1.129465103149414062e+00
3.285840999999999923e+01 3.273117446899414062e+01
1.102788300000000055e+00 1.103550434112548828e+00
1.081767289999999937e+00 1.081071972846984863e+00
1.020086789999999910e+00 1.019833683967590332e+00
1.771964249999999907e+00 1.737692356109619141e+00
1.698860999999999954e+00 1.702592968940734863e+00
1.820766600000000013e+00 1.821179509162902832e+00
1.452347250000000090e+00 1.451386928558349609e+00
4.281259999999999621e+00 4.297060012817382812e+00
1.040435060000000078e+00 1.040343165397644043e+00
1.050641960000000097e+00 1.049941897392272949e+00
5.768913999999999653e+00 5.666948795318603516e+00
3.179379999999999384e+01 3.163269042968750000e+01
1.943251100000000120e+00 1.926826715469360352e+00
2.803263999999999978e+00 2.796921730041503906e+00
5.648473500000000591e+00 5.610789299011230469e+00
1.030227419999999894e+00 1.030626296997070312e+00
1.050641960000000097e+00 1.049942135810852051e+00
1.030219250000000031e+00 1.029983162879943848e+00
1.212366300000000008e+00 1.209141612052917480e+00
1.040435060000000078e+00 1.040541529655456543e+00
1.962585999999999586e+01 1.938329696655273438e+01
1.156413899999999995e+00 1.157986044883728027e+00
2.936835666999999983e+00 2.939680814743041992e+00
5.909855999999999554e+00 5.942345619201660156e+00
1.820766600000000013e+00 1.814574360847473145e+00
1.020193609999999973e+00 1.020839691162109375e+00
1.168824000000000085e+00 1.167245268821716309e+00
4.134475667000000243e+00 4.131039142608642578e+00
1.327216900000000033e+00 1.328235387802124023e+00
1.050641949999999936e+00 1.049941897392272949e+00
2.430683999999999401e+01 2.438029479980468750e+01
7.235641000000001100e+00 7.222623348236083984e+00
9.928125999999998896e+00 9.961009025573730469e+00
1.452347250000000090e+00 1.451383829116821289e+00
2.000015000000000320e+00 1.995771527290344238e+00
1.030219250000000031e+00 1.030370473861694336e+00
1.211657699999999949e+00 1.209716200828552246e+00
1.030219250000000031e+00 1.030236005783081055e+00
1.081767289999999937e+00 1.081096768379211426e+00
3.294759332999999657e+01 3.296890640258789062e+01
7.047610000000000596e+00 7.153762340545654297e+00
1.156586399999999903e+00 1.157069921493530273e+00
2.708860000000000046e+00 2.675773382186889648e+00
1.452347150000000031e+00 1.448867201805114746e+00
2.910292000000000456e+01 2.960799217224121094e+01
1.309227000000000096e+01 1.317882633209228516e+01
3.057805000000000817e+01 3.068754959106445312e+01
1.801129000000000246e+01 1.804341697692871094e+01
1.010025450000000102e+00 1.010115146636962891e+00
1.102788300000000055e+00 1.103663444519042969e+00
1.881963999999999970e+00 1.890217065811157227e+00
1.030239670000000052e+00 1.030756592750549316e+00
1.156586800000000137e+00 1.157679915428161621e+00
1.020088429999999935e+00 1.020091772079467773e+00
2.001456000000000124e+00 1.997733712196350098e+00
2.707392000000000021e+00 2.708341836929321289e+00
1.040459709999999927e+00 1.040179610252380371e+00
1.941701399999999911e+00 1.947185754776000977e+00
1.068274199999999929e+01 1.054325294494628906e+01
2.862809999999999633e+00 2.900089979171752930e+00
1.463143999999999778e+01 1.467676258087158203e+01
1.010025450000000102e+00 1.010286688804626465e+00
3.078670999999999935e+00 3.059193134307861328e+00
9.962859500000000423e+00 9.987289428710937500e+00
3.306284000000000134e+01 3.318342590332031250e+01
1.940255533000000199e+00 1.940020203590393066e+00
1.081767279999999998e+00 1.081942558288574219e+00
1.330426600000000237e+00 1.320965528488159180e+00
1.760349000000000430e+01 1.751708984375000000e+01
1.626812499999999995e+00 1.616476297378540039e+00
2.610700999999999894e+01 2.638346099853515625e+01
2.874391333000000159e+00 2.884962558746337891e+00
1.820766600000000013e+00 1.814791679382324219e+00
1.102764500000000147e+00 1.103062152862548828e+00
7.292676000000000158e+00 7.296841621398925781e+00
1.268738900000000003e+00 1.268446207046508789e+00
2.504528000000000088e+00 2.514189481735229492e+00
7.603211000000000830e+00 7.618435382843017578e+00
1.931783999999999946e+00 1.960062623023986816e+00
1.010025450000000102e+00 1.010551333427429199e+00
3.136707500000000692e+01 3.130234336853027344e+01
1.698860999999999954e+00 1.702529788017272949e+00
1.020086810000000010e+00 1.020151853561401367e+00
2.104217100000000062e+00 2.127335786819458008e+00
1.327216799999999974e+00 1.330467939376831055e+00
1.156586800000000137e+00 1.157680153846740723e+00
1.057990090000000105e+00 1.058717370033264160e+00
1.203661800000000115e+00 1.208934426307678223e+00
1.751325000000000021e+00 1.732903003692626953e+00
2.669150999999999385e+01 2.672970008850097656e+01
4.599724000000001034e+00 4.635886669158935547e+00
3.081239000000000061e+00 3.007320880889892578e+00
1.102764500000000147e+00 1.103062152862548828e+00
1.102788300000000055e+00 1.104062676429748535e+00
1.030219170000000073e+00 1.029995203018188477e+00
2.426356000000000535e+01 2.435793876647949219e+01
4.327910000000000146e+00 4.343348503112792969e+00
1.211657699999999949e+00 1.208868503570556641e+00
1.010025450000000102e+00 1.010033607482910156e+00
1.014360300000000237e+01 1.010800075531005859e+01
2.092250999999999639e+00 2.090215682983398438e+00
1.327165499999999998e+00 1.327814221382141113e+00
1.268734899999999888e+00 1.267693996429443359e+00
2.011189999999999856e+01 2.025678634643554688e+01
1.057937539999999954e+00 1.056922197341918945e+00
1.212366300000000008e+00 1.208416342735290527e+00
1.699847550000000096e+00 1.703944921493530273e+00
1.020086810000000010e+00 1.019718766212463379e+00
1.020193630000000073e+00 1.020120024681091309e+00
1.082546479999999978e+00 1.082656621932983398e+00
1.452060450000000058e+00 1.443131923675537109e+00
1.102788300000000055e+00 1.103549599647521973e+00
1.040435060000000078e+00 1.040456175804138184e+00
1.172604600000000108e+00 1.170603513717651367e+00
4.039580332999999968e+00 4.033035755157470703e+00
1.020086800000000071e+00 1.020249485969543457e+00
3.289436000000000604e+01 3.294542312622070312e+01
3.306018999999999863e+01 3.274705505371093750e+01
1.081759399999999927e+00 1.080505609512329102e+00
1.010028289999999940e+00 1.010567426681518555e+00
1.452345250000000032e+00 1.447139024734497070e+00
1.628881600000000152e+00 1.630005598068237305e+00
1.020086810000000010e+00 1.020162224769592285e+00
1.686722999999999928e+01 1.702699470520019531e+01
2.633553500000000103e+00 2.653719425201416016e+00
1.010028259999999900e+00 1.010297536849975586e+00
2.095606000000000080e+00 2.092860460281372070e+00
1.145662799999999981e+00 1.147881031036376953e+00
4.789502999999998956e+00 4.820171356201171875e+00
2.019381300000000046e+00 2.014919757843017578e+00
1.102764300000000031e+00 1.103711605072021484e+00
2.778333500000000011e+00 2.815530776977539062e+00
3.076522999999999897e+00 3.081689596176147461e+00
1.081767289999999937e+00 1.081073641777038574e+00
1.821285999999999916e+01 1.819818687438964844e+01
1.974994000000000227e+01 1.967792892456054688e+01
2.022168999999999883e+00 2.018930673599243164e+00
3.075727999999999795e+00 3.078760385513305664e+00
1.479548800000000108e+00 1.478494048118591309e+00
3.152736999999999679e+00 3.153050422668457031e+00
2.563111999999999924e+01 2.523778343200683594e+01
1.880511066999999814e+00 1.886665344238281250e+00
1.145660600000000251e+00 1.148902773857116699e+00
2.769970332999999840e+01 2.785161972045898438e+01
1.050731599999999988e+00 1.051130414009094238e+00
1.701164700000000085e+00 1.705132842063903809e+00
1.576955399999999896e+00 1.577521562576293945e+00
1.156412100000000054e+00 1.158206224441528320e+00
1.040435309999999891e+00 1.040615677833557129e+00
1.081759399999999927e+00 1.081114649772644043e+00
3.298613000000000284e+01 3.300500869750976562e+01
1.327216900000000033e+00 1.326764225959777832e+00
3.298890000000000100e+01 3.297578430175781250e+01
1.040459709999999927e+00 1.040909647941589355e+00
1.050731859999999962e+00 1.050593852996826172e+00
5.763160667000000181e+00 5.773344516754150391e+00
1.081759399999999927e+00 1.080505728721618652e+00
6.608146999999998883e+00 6.588972091674804688e+00
4.312359999999999971e+00 4.324529170989990234e+00
1.156586800000000137e+00 1.157626867294311523e+00
1.626812600000000053e+00 1.616476058959960938e+00
1.211657699999999949e+00 1.209591627120971680e+00
4.762990333000000298e+00 4.777917385101318359e+00
1.081767289999999937e+00 1.081072926521301270e+00
1.698860999999999954e+00 1.702591538429260254e+00
1.407985299999999995e+00 1.421348571777343750e+00
1.211650600000000022e+00 1.210152506828308105e+00
2.853793666999999701e+00 2.847594976425170898e+00
1.030239670000000052e+00 1.030736565589904785e+00
1.030239670000000052e+00 1.030649304389953613e+00
1.231896000000000235e+01 1.225246810913085938e+01
1.010025420000000063e+00 1.010093450546264648e+00
1.010025420000000063e+00 1.010125041007995605e+00
2.341220999999999997e+00 2.314994335174560547e+00
1.010025420000000063e+00 1.009843945503234863e+00
2.320317999999999969e+01 2.328212547302246094e+01
1.050731840000000084e+00 1.050879955291748047e+00
1.020193569999999994e+00 1.020958900451660156e+00
1.211657699999999949e+00 1.209011077880859375e+00
1.010025420000000063e+00 1.010115742683410645e+00
1.173464999999999980e+00 1.172100424766540527e+00
5.710726999999999443e+00 5.733983039855957031e+00
7.795819000000000720e+00 7.749506950378417969e+00
1.773391000000000162e+01 1.786007499694824219e+01
7.010764000000000884e+00 7.085398197174072266e+00
1.156412100000000054e+00 1.158159613609313965e+00
1.050641939999999996e+00 1.050048232078552246e+00
1.050641939999999996e+00 1.049945354461669922e+00
3.306284000000000134e+01 3.317265319824218750e+01
1.941710499999999895e+00 1.942093372344970703e+00
1.010025420000000063e+00 1.010093450546264648e+00
2.503276000000000678e+01 2.494844436645507812e+01
1.156413899999999995e+00 1.158201217651367188e+00
1.040435060000000078e+00 1.040620446205139160e+00
1.212366300000000008e+00 1.209143280982971191e+00
1.699847550000000096e+00 1.703917026519775391e+00
3.112710000000000576e+01 3.114013290405273438e+01
6.683624499999998747e+00 6.729663372039794922e+00
1.156412100000000054e+00 1.157807350158691406e+00
3.245229999999999393e+00 3.232541322708129883e+00
2.326274999999999338e+01 2.332625770568847656e+01
3.298890000000000100e+01 3.298112487792968750e+01
1.452347250000000090e+00 1.451386809349060059e+00
1.040435309999999891e+00 1.040681481361389160e+00
3.255487999999999715e+01 3.263864898681640625e+01
2.386756999999999707e+01 2.364116668701171875e+01
2.436447499999999167e+01 2.422047615051269531e+01
1.156413899999999995e+00 1.158211231231689453e+00
1.020086789999999910e+00 1.020094037055969238e+00
1.102764500000000147e+00 1.103686690330505371e+00
1.881961999999999913e+00 1.893221497535705566e+00
1.858117499999999866e+00 1.850580811500549316e+00
1.522569000000000194e+01 1.508592510223388672e+01
1.576955399999999896e+00 1.581906318664550781e+00
7.973986500000000532e+00 7.964387416839599609e+00
1.082546210000000064e+00 1.082630991935729980e+00
1.030239670000000052e+00 1.030756592750549316e+00
1.010025450000000102e+00 1.010421991348266602e+00
1.698860999999999954e+00 1.711359620094299316e+00
1.858115300000000136e+00 1.850648880004882812e+00
2.000000000000000000e+00 2.003647565841674805e+00
1.156586800000000137e+00 1.157672286033630371e+00
1.599356000000000000e+00 1.580005168914794922e+00
2.034335000000000004e+00 2.030699491500854492e+00
1.452287450000000035e+00 1.443549990653991699e+00
1.010025420000000063e+00 1.009711623191833496e+00
1.156413899999999995e+00 1.157728552818298340e+00
1.040435060000000078e+00 1.040289759635925293e+00
3.845475000000000421e+00 3.885045528411865234e+00
2.318776000000000437e+01 2.309509086608886719e+01
1.057989999999999986e+00 1.058627963066101074e+00
1.050642850000000017e+00 1.050378203392028809e+00
2.001784199999999903e+00 2.009127378463745117e+00
3.294383000000000550e+01 3.291444778442382812e+01
4.751527999999999530e+00 4.694218158721923828e+00
1.010025420000000063e+00 1.010124325752258301e+00
1.950588000000000122e+01 1.942146682739257812e+01
1.880511066999999814e+00 1.888133525848388672e+00
1.102764500000000147e+00 1.103063464164733887e+00
1.073186099999999854e+01 1.070636081695556641e+01
1.010025420000000063e+00 1.010091185569763184e+00
1.626812499999999995e+00 1.616474628448486328e+00
5.326523500000000411e+00 5.439466476440429688e+00
1.172666699999999951e+00 1.171083688735961914e+00
1.030219170000000073e+00 1.029855370521545410e+00
1.102788300000000055e+00 1.103550791740417480e+00
1.699847550000000096e+00 1.703943490982055664e+00
1.010310279999999894e+00 1.008235812187194824e+00
1.010025420000000063e+00 1.010124325752258301e+00
1.040435309999999891e+00 1.040713429450988770e+00
1.102788300000000055e+00 1.104167222976684570e+00
3.136351500000001025e+01 3.144173431396484375e+01
1.156586700000000079e+00 1.156962037086486816e+00
2.000364999999999949e+00 1.994860291481018066e+00
1.305081000000000024e+01 1.257831954956054688e+01
2.297185200000000371e+00 2.314339876174926758e+00
1.080676289999999984e+00 1.077855825424194336e+00
7.318163499999999821e+00 7.341952800750732422e+00
1.836743999999999843e+01 1.840983200073242188e+01
1.172089500000000006e+00 1.168807625770568848e+00
1.010025420000000063e+00 1.010108351707458496e+00
1.156412100000000054e+00 1.158210396766662598e+00
1.933697000000000088e+01 1.943740844726562500e+01
1.081759399999999927e+00 1.081215381622314453e+00
1.940255533000000199e+00 1.936826229095458984e+00
1.026679466999999946e+01 1.026843833923339844e+01
1.050641939999999996e+00 1.050102472305297852e+00
1.881963866999999846e+00 1.888602256774902344e+00
2.157643000000000200e+00 2.162674427032470703e+00
1.698860999999999954e+00 1.707060337066650391e+00
3.253716000000000008e+01 3.247423934936523438e+01
5.730105999999999256e+00 5.753426551818847656e+00
4.863915000000000433e+00 4.817068576812744141e+00
1.212366300000000008e+00 1.209143161773681641e+00
1.278182200000000046e+00 1.276851773262023926e+00
1.010025420000000063e+00 1.010081052780151367e+00
3.135584666999999826e+01 3.130384826660156250e+01
2.833196000000000048e+00 2.752664089202880859e+00
7.875651667000000522e+00 7.823480606079101562e+00
1.050641939999999996e+00 1.050121307373046875e+00
1.102788300000000055e+00 1.103846669197082520e+00
4.884338999999998876e+00 4.848556995391845703e+00
1.626730299999999962e+00 1.615923166275024414e+00
1.331710699999999914e+00 1.340844869613647461e+00
1.758627999999999503e+01 1.747719764709472656e+01
2.442211000000000354e+01 2.436548233032226562e+01
1.102764300000000031e+00 1.103051662445068359e+00
2.000000000000000000e+00 1.990733265876770020e+00
1.156586800000000137e+00 1.157680273056030273e+00
1.940255533000000199e+00 1.940019845962524414e+00
3.060135999999999612e+01 3.068750572204589844e+01
1.020088429999999935e+00 1.019909739494323730e+00
1.785028449999999989e+00 1.792669773101806641e+00
1.105131899999999945e+00 1.104679584503173828e+00
1.881953800000000010e+00 1.893936753273010254e+00
1.028386799999999823e+01 1.027803993225097656e+01
5.779687999999999271e+00 5.776251316070556641e+00
1.020086810000000010e+00 1.019749879837036133e+00
3.256046000000000440e+00 3.216433525085449219e+00
1.274110100000000134e+00 1.269558548927307129e+00
5.930587000000000053e+00 5.838349342346191406e+00
1.030219170000000073e+00 1.030759334564208984e+00
2.001431000000000182e+00 2.004914045333862305e+00
1.980624067000000155e+00 1.967545747756958008e+00
1.156413899999999995e+00 1.157796263694763184e+00
1.822206199999999887e+00 1.819301486015319824e+00
8.631655000000000300e+00 8.549260139465332031e+00
1.145665800000000178e+00 1.147346377372741699e+00
2.060317599999999860e+00 2.064666986465454102e+00
3.934324999999999761e+01 3.932015609741210938e+01
1.172414399999999857e+00 1.168510794639587402e+00
1.212366300000000008e+00 1.209103226661682129e+00
5.747811500000000073e+00 5.730950355529785156e+00
3.296824666999999920e+01 3.298433303833007812e+01
8.332029999999999603e+00 8.342837333679199219e+00
1.577477600000000146e+00 1.577151417732238770e+00
1.785031650000000081e+00 1.792629480361938477e+00
1.030219250000000031e+00 1.030865907669067383e+00
2.150927999999999951e+00 2.156560659408569336e+00
2.775520999999999905e+00 2.697778463363647461e+00
1.020088429999999935e+00 1.019824147224426270e+00
3.256204000000000320e+01 3.262340545654296875e+01
3.183315999999998880e+01 3.162738609313964844e+01
1.943244500000000041e+00 1.926742553710937500e+00
1.943250800000000167e+00 1.926823496818542480e+00
1.332289999999999974e+00 1.337512373924255371e+00
1.030219250000000031e+00 1.030865311622619629e+00
4.341134999999999522e+00 4.261044025421142578e+00
1.261475200000000019e+00 1.256417751312255859e+00
1.865980000000000416e+01 1.897262573242187500e+01
2.168060000000000187e+01 2.155980682373046875e+01
1.010025420000000063e+00 1.010013461112976074e+00
3.137924999999999542e+01 3.129716300964355469e+01
1.815639199999999898e+00 1.818823099136352539e+00
1.576955399999999896e+00 1.577518701553344727e+00
2.428157999999999817e+01 2.419017982482910156e+01
1.156413899999999995e+00 1.158204793930053711e+00
1.452347199999999949e+00 1.450171113014221191e+00
1.844457999999999842e+01 1.833754539489746094e+01
1.212366100000000113e+00 1.207664132118225098e+00
1.940255533000000199e+00 1.939844012260437012e+00
2.478614000000000317e+01 2.459190940856933594e+01
2.000015000000000320e+00 2.003501176834106445e+00
1.372939100000000190e+00 1.420301556587219238e+00
1.577476700000000065e+00 1.579903841018676758e+00
2.427306000000000452e+01 2.430983543395996094e+01
1.023668100000000081e+01 1.026301193237304688e+01
1.387978500000000359e+01 1.384661388397216797e+01
2.458997999999999706e+01 2.447554779052734375e+01
2.058993000000000073e+00 2.056335926055908203e+00
2.706997000000000142e+01 2.728079032897949219e+01
1.030219170000000073e+00 1.030759453773498535e+00
1.699847550000000096e+00 1.703944921493530273e+00
1.784543650000000037e+00 1.793249845504760742e+00
1.081759480000000107e+00 1.081125855445861816e+00
1.010025420000000063e+00 1.010092973709106445e+00
1.010310269999999955e+00 1.008375406265258789e+00
1.780997700000000128e+00 1.793834447860717773e+00
2.103359999999999630e+01 2.078625297546386719e+01
1.477314950000000016e+00 1.475528478622436523e+00
1.836399000000000115e+01 1.839203643798828125e+01
1.837648000000000081e+01 1.839198684692382812e+01
1.210208399999999962e+00 1.210536360740661621e+00
3.301045500000000033e+01 3.286851119995117188e+01
1.081759480000000107e+00 1.081386208534240723e+00
1.954362600000000061e+00 1.952672958374023438e+00
1.020193630000000073e+00 1.019545793533325195e+00
2.118850999999999818e+00 2.122574329376220703e+00
1.040435309999999891e+00 1.040704965591430664e+00
5.522562999999999889e+00 5.520987033843994141e+00
3.008320999999999401e+01 3.023413848876953125e+01
1.040435309999999891e+00 1.040713429450988770e+00
1.287260000000000026e+01 1.298424053192138672e+01
1.375138332999999768e+01 1.374213981628417969e+01
2.850378000000000078e+00 2.855476140975952148e+00
1.081759399999999927e+00 1.080645442008972168e+00
1.040459709999999927e+00 1.040746331214904785e+00
2.532611999999999952e+01 2.544435119628906250e+01
5.130112000000000450e+00 5.109436511993408203e+00
9.863145333000002069e+00 9.921106338500976562e+00
1.030227409999999955e+00 1.030826926231384277e+00
1.040435309999999891e+00 1.040593504905700684e+00
1.479551199999999955e+00 1.478898286819458008e+00
2.858750000000000124e+00 2.854817867279052734e+00
1.266938100000000178e+00 1.267166376113891602e+00
1.042870849999999905e+00 1.042989134788513184e+00
1.455210999999999721e+01 1.450615882873535156e+01
1.050731850000000023e+00 1.050737261772155762e+00
1.822217399999999987e+00 1.816367030143737793e+00
4.664643000000000761e+00 4.754013061523437500e+00
3.058135000000000048e+00 3.059680700302124023e+00
1.576955399999999896e+00 1.577579975128173828e+00
1.105157100000000225e+00 1.105727076530456543e+00
2.000000000000000000e+00 2.000668287277221680e+00
1.010028289999999940e+00 1.010565280914306641e+00
1.336459800000000087e+00 1.340234875679016113e+00
1.336465600000000142e+00 1.339486002922058105e+00
1.020086800000000071e+00 1.020250082015991211e+00
1.010025420000000063e+00 1.010080695152282715e+00
3.299134000000000100e+01 3.318349838256835938e+01
1.698663399999999823e+00 1.697804450988769531e+00
4.045825666999999903e+00 4.031538009643554688e+00
3.154896000000000100e+01 3.154115104675292969e+01
1.655684200000000050e+00 1.651864409446716309e+00
1.479551300000000014e+00 1.478983044624328613e+00
1.010025420000000063e+00 1.010093450546264648e+00
3.301045500000000033e+01 3.285448455810546875e+01
1.102764500000000147e+00 1.103798270225524902e+00
3.292694000000000898e+01 3.293267440795898438e+01
1.156586700000000079e+00 1.156906485557556152e+00
1.010025420000000063e+00 1.009714245796203613e+00
1.463069000000000131e+01 1.467862033843994141e+01
1.050641949999999936e+00 1.050145983695983887e+00
1.940255533000000199e+00 1.942941188812255859e+00
1.050642850000000017e+00 1.050200939178466797e+00
1.050641949999999936e+00 1.050142645835876465e+00
2.189888999999999797e+01 2.187378120422363281e+01
1.081759480000000107e+00 1.080901503562927246e+00
1.020088429999999935e+00 1.019997000694274902e+00
1.156412100000000054e+00 1.157835245132446289e+00
1.010025420000000063e+00 1.009804725646972656e+00
8.669184999999998809e+00 8.635793685913085938e+00
2.012849999999999806e+00 2.009745836257934570e+00
1.822215000000000140e+00 1.820066690444946289e+00
1.702878899999999973e+00 1.700162529945373535e+00
3.075725999999999960e+00 3.078894376754760742e+00
3.068679500000000004e+00 3.103035449981689453e+00
1.040459709999999927e+00 1.040602087974548340e+00
5.707686332999999834e+00 5.727628707885742188e+00
1.030219250000000031e+00 1.030029416084289551e+00
1.156412100000000054e+00 1.157994270324707031e+00
9.460283000000000442e+00 9.462613105773925781e+00
1.040435060000000078e+00 1.040618062019348145e+00
1.652361549999999957e+00 1.599466800689697266e+00
1.105153800000000075e+00 1.104905128479003906e+00
1.820766600000000013e+00 1.814610958099365234e+00
1.102788300000000055e+00 1.104029893875122070e+00
1.020088429999999935e+00 1.020200133323669434e+00
1.408621000000000478e+01 1.421777629852294922e+01
1.030239670000000052e+00 1.030429601669311523e+00
2.640424000000000326e+00 2.637967109680175781e+00
2.001456999999999820e+00 1.996810317039489746e+00
7.201532667000000387e+00 7.175106525421142578e+00
1.020088429999999935e+00 1.019815087318420410e+00
1.576955399999999896e+00 1.575967788696289062e+00
1.156413899999999995e+00 1.158150792121887207e+00
1.625566999999999984e+00 1.616459369659423828e+00
1.880511066999999814e+00 1.888238430023193359e+00
1.030219170000000073e+00 1.030432820320129395e+00
1.479510050000000021e+00 1.477324366569519043e+00
3.274820999999999760e+00 3.299800157546997070e+00
1.940255533000000199e+00 1.951081156730651855e+00
1.020086789999999910e+00 1.020241022109985352e+00
4.928350000000000009e+00 4.910420417785644531e+00
2.323610999999999294e+01 2.327244567871093750e+01
1.211650600000000022e+00 1.210154056549072266e+00
1.075635969999999997e+00 1.074359536170959473e+00
1.261149499999999968e+01 1.268579292297363281e+01
9.427639000000000991e+00 9.376809120178222656e+00
2.022451999999999916e+00 2.019407033920288086e+00
1.029205799999999904e+01 1.029703903198242188e+01
7.835735332999998803e+00 7.786711692810058594e+00
2.117310999999999943e+00 2.110999584197998047e+00
1.266938100000000178e+00 1.267170906066894531e+00
1.880511066999999814e+00 1.888233900070190430e+00
1.268739599999999967e+00 1.269533395767211914e+00
3.246390999999999849e+01 3.291969680786132812e+01
1.028537940000000095e+00 1.032295823097229004e+00
1.027150039999999986e+00 1.029209256172180176e+00
1.327165499999999998e+00 1.327183842658996582e+00
1.327165499999999998e+00 1.326616525650024414e+00
1.210069600000000190e+00 1.208763837814331055e+00
7.133316000000000656e+00 7.106466293334960938e+00
3.262304333000000334e+00 3.257652044296264648e+00
1.452060450000000058e+00 1.448376297950744629e+00
4.469180999999999848e+00 4.474303722381591797e+00
1.941708999999999907e+00 1.943781375885009766e+00
1.453473999999999577e+01 1.452369689941406250e+01
3.053252999999999773e+00 3.050903081893920898e+00
1.755186000000000135e+01 1.742299652099609375e+01
1.102788300000000055e+00 1.103571772575378418e+00
1.010025420000000063e+00 1.010107874870300293e+00
1.010025420000000063e+00 1.010122776031494141e+00
1.858050100000000038e+00 1.856551170349121094e+00
5.771182999999999730e+00 5.666105270385742188e+00
3.285840999999999923e+01 3.274061965942382812e+01
1.822217499999999824e+00 1.816583514213562012e+00
1.452330699999999863e+00 1.445259809494018555e+00
1.020086789999999910e+00 1.020250082015991211e+00
4.143080000000000318e+00 4.161561489105224609e+00
4.052070999999999756e+00 4.025199890136718750e+00
1.040435309999999891e+00 1.040713548660278320e+00
9.830655000000001920e+00 9.895555496215820312e+00
3.301045500000000033e+01 3.285854339599609375e+01
2.001428333000000226e+00 2.008907318115234375e+00
2.323296500000000009e+01 2.333690834045410156e+01
1.940255533000000199e+00 1.945346474647521973e+00
1.081759480000000107e+00 1.080519437789916992e+00
1.020193630000000073e+00 1.019556641578674316e+00
1.822065199999999718e+00 1.822204232215881348e+00
1.740291950000000032e+00 1.748718380928039551e+00
1.040435060000000078e+00 1.040264248847961426e+00
1.030219170000000073e+00 1.030652046203613281e+00
4.709965000000000401e+00 4.710087776184082031e+00
1.020086789999999910e+00 1.020239472389221191e+00
3.040756000000000370e+01 3.060314369201660156e+01
4.144129000000000396e+00 4.133480548858642578e+00
1.030239670000000052e+00 1.030159354209899902e+00
2.190209999999999724e+01 2.187376213073730469e+01
1.848136000000000223e+01 1.843538284301757812e+01
3.078996000000000066e+00 3.064681529998779297e+00
2.060317599999999860e+00 2.064661979675292969e+00
1.030219170000000073e+00 1.029659986495971680e+00
1.173452399999999951e+00 1.171761870384216309e+00
1.211657699999999949e+00 1.210137248039245605e+00
5.715861000000000303e+00 5.695761203765869141e+00
1.822217499999999824e+00 1.816584229469299316e+00
3.292694000000000898e+01 3.292749404907226562e+01
1.030239670000000052e+00 1.029849648475646973e+00
9.142003999999998243e+00 9.084539413452148438e+00
2.059637733000000193e+00 2.062617301940917969e+00
4.736477666999999059e+00 4.745806217193603516e+00
1.752878649999999983e+00 1.757455825805664062e+00
3.296072000000000912e+01 3.294276428222656250e+01
1.327165499999999998e+00 1.332015275955200195e+00
1.479551250000000095e+00 1.478978276252746582e+00
1.010025420000000063e+00 1.009941697120666504e+00
1.277004000000000028e+00 1.274796366691589355e+00
1.030239670000000052e+00 1.030755519866943359e+00
5.707060999999999495e+00 5.724756240844726562e+00
2.041212033000000314e+00 2.027157068252563477e+00
1.040435060000000078e+00 1.040616631507873535e+00
1.212366300000000008e+00 1.208920598030090332e+00
1.156586800000000137e+00 1.157680153846740723e+00
1.057718750000000041e+00 1.056083202362060547e+00
5.044919999999998517e+00 5.023544311523437500e+00
3.073468000000000089e+00 3.059363126754760742e+00
1.030227419999999894e+00 1.030280828475952148e+00
1.020193630000000073e+00 1.020368456840515137e+00
1.327165499999999998e+00 1.330302000045776367e+00
1.327216900000000033e+00 1.328236579895019531e+00
1.050642850000000017e+00 1.050461411476135254e+00
1.030850629999999990e+00 1.030322432518005371e+00
1.020086789999999910e+00 1.020196437835693359e+00
1.820766600000000013e+00 1.817753434181213379e+00
1.880511066999999814e+00 1.889430403709411621e+00
1.042870830000000026e+00 1.042942643165588379e+00
2.691912000000000660e+01 2.643804931640625000e+01
1.460892199999999974e+00 1.467316865921020508e+00
1.327216900000000033e+00 1.328238487243652344e+00
1.452060450000000058e+00 1.450569033622741699e+00
1.082533380000000101e+00 1.082606792449951172e+00
2.060317599999999860e+00 2.064679861068725586e+00
2.245854999999999713e+00 2.252757310867309570e+00
1.211650600000000022e+00 1.210416555404663086e+00
1.020086789999999910e+00 1.020251512527465820e+00
3.434572000000000180e+00 3.437836408615112305e+00
3.296072000000000912e+01 3.296065521240234375e+01
1.040435309999999891e+00 1.040568470954895020e+00
2.552750000000000075e+00 2.541591167449951172e+00
2.049224333000000176e+00 2.056206703186035156e+00
1.382419899999999924e+00 1.407370448112487793e+00
1.010025420000000063e+00 1.009940385818481445e+00
1.040435079999999957e+00 1.040620684623718262e+00
3.007776999999999923e+00 3.018005847930908203e+00
4.630631999999999415e+00 4.653712272644042969e+00
1.211657699999999949e+00 1.210138440132141113e+00
3.293450666999999754e+01 3.298442077636718750e+01
3.857657000000000114e+00 3.852877140045166016e+00
2.118856999999999768e+00 2.122575283050537109e+00
1.057988209999999984e+00 1.058285355567932129e+00
2.000015000000000320e+00 2.000693082809448242e+00
1.042842899999999906e+00 1.042418718338012695e+00
2.059612167000000049e+00 2.064353942871093750e+00
2.707561249999999919e+00 2.726409673690795898e+00
1.766221000000000174e+01 1.764785575866699219e+01
1.081767289999999937e+00 1.081071972846984863e+00
3.297715000000000884e+01 3.286857223510742188e+01
1.247821000000000069e+01 1.247507381439208984e+01
3.294383000000000550e+01 3.292741394042968750e+01
3.987462999999999536e+00 3.916324853897094727e+00
1.081767289999999937e+00 1.081819295883178711e+00
2.882209000000000021e+00 2.884137392044067383e+00
1.030219170000000073e+00 1.029723763465881348e+00
2.098875999999999742e+00 2.099095582962036133e+00
2.208110000000000017e+00 2.210359096527099609e+00
7.603112000000000315e+00 7.618439674377441406e+00
3.075698000000000043e+00 3.076686620712280273e+00
3.268562666999999866e+00 3.280072927474975586e+00
1.020086789999999910e+00 1.020251154899597168e+00
4.033335000000000115e+00 4.033947467803955078e+00
1.081759399999999927e+00 1.081282258033752441e+00
1.050642850000000017e+00 1.050151705741882324e+00
5.257981000000000016e+00 5.237690448760986328e+00
3.294383000000000550e+01 3.290917968750000000e+01
2.227218999999999482e+01 2.223668861389160156e+01
2.190209999999999724e+01 2.187045478820800781e+01
2.000000000000000000e+00 2.014152050018310547e+00
1.030227419999999894e+00 1.030518889427185059e+00
2.070070999999999994e+00 2.089554071426391602e+00
1.837088999999999572e+01 1.842164993286132812e+01
1.171717300000000073e+00 1.163763165473937988e+00
2.000000000000000000e+00 1.995739340782165527e+00
1.941710433000000124e+00 1.938799619674682617e+00
2.958734999999999893e+00 2.995371818542480469e+00
1.327165499999999998e+00 1.328096628189086914e+00
1.020086810000000010e+00 1.019855260848999023e+00
1.211650600000000022e+00 1.209728598594665527e+00
1.268739399999999851e+00 1.269285559654235840e+00
3.296824666999999920e+01 3.296626663208007812e+01
1.010025450000000102e+00 1.010143280029296875e+00
4.490478332999999544e+00 4.500344276428222656e+00
1.081759480000000107e+00 1.081293821334838867e+00
1.030227419999999894e+00 1.030420660972595215e+00
2.894988999999999812e+00 2.901808738708496094e+00
1.881926599999999894e+00 1.890657424926757812e+00
1.210248899999999850e+00 1.213362216949462891e+00
1.057990210000000042e+00 1.058771371841430664e+00
2.054514800000000196e+00 2.057573318481445312e+00
1.102764500000000147e+00 1.103063702583312988e+00
1.156412100000000054e+00 1.158217787742614746e+00
1.030850620000000051e+00 1.030448794364929199e+00
1.082546519999999957e+00 1.082783937454223633e+00
1.081759480000000107e+00 1.081352829933166504e+00
2.999629999999999797e+00 2.960103034973144531e+00
1.858117999999999936e+00 1.851740956306457520e+00
5.327760999999999747e+00 5.439032077789306641e+00
4.884338999999998876e+00 4.848272323608398438e+00
1.010025420000000063e+00 1.010085225105285645e+00
3.075727999999999795e+00 3.078892469406127930e+00
1.040435060000000078e+00 1.040596246719360352e+00
3.800160000000000426e+00 3.752855539321899414e+00
2.063787000000000038e+00 2.061048984527587891e+00
1.881684133000000259e+00 1.882749199867248535e+00
1.211657699999999949e+00 1.209062814712524414e+00
1.010025450000000102e+00 1.010611653327941895e+00
3.235939000000000476e+01 3.257544326782226562e+01
1.211650600000000022e+00 1.210154056549072266e+00
1.040435309999999891e+00 1.040711879730224609e+00
2.786391999999999669e+01 2.805851554870605469e+01
1.010028289999999940e+00 1.009990572929382324e+00
3.001615000000000144e+00 3.014086723327636719e+00
4.884133000000001168e+00 4.848559379577636719e+00
2.488073999999999586e+01 2.460448074340820312e+01
1.050641939999999996e+00 1.049937725067138672e+00
2.118850999999999818e+00 2.122556686401367188e+00
1.010025420000000063e+00 1.010089159011840820e+00
1.880511066999999814e+00 1.891319990158081055e+00
2.587013999999999925e+00 2.599392890930175781e+00
1.628037000000000178e+00 1.630932092666625977e+00
1.102764500000000147e+00 1.103090286254882812e+00
1.020086789999999910e+00 1.019834518432617188e+00
2.819442999999999344e+01 2.824489784240722656e+01
1.815277999999999992e+01 1.816390800476074219e+01
1.057990210000000042e+00 1.058772087097167969e+00
2.286829000000000001e+00 2.293005704879760742e+00
1.970288499999999887e+00 1.945966720581054688e+00
5.465137999999999607e+00 5.444675445556640625e+00
1.010025420000000063e+00 1.010124444961547852e+00
1.081759399999999927e+00 1.081340909004211426e+00
1.332289999999999974e+00 1.337743401527404785e+00
1.156413899999999995e+00 1.158201098442077637e+00
1.943181199999999720e+00 1.926258444786071777e+00
2.300936000000000092e+00 2.304324388504028320e+00
1.030219170000000073e+00 1.030739188194274902e+00
5.327760999999999747e+00 5.439157485961914062e+00
3.432788999999999646e+00 3.428582906723022461e+00
1.211650600000000022e+00 1.208888411521911621e+00
1.023264799999999752e+01 1.026303100585937500e+01
4.171643000000000434e+00 4.183718204498291016e+00
1.576955399999999896e+00 1.577361106872558594e+00
3.278919999999999391e+01 3.274065399169921875e+01
1.881963999999999970e+00 1.890111327171325684e+00
9.997593000000000174e+00 1.003368186950683594e+01
1.929736999999999814e+00 1.915536999702453613e+00
1.040459709999999927e+00 1.040458917617797852e+00
2.308890000000000331e+00 2.303529262542724609e+00
3.306018999999999863e+01 3.275924682617187500e+01
1.889343899999999854e+00 1.868797302246093750e+00
2.001449000000000034e+00 2.005565166473388672e+00
1.332194700000000065e+00 1.338387250900268555e+00
1.040435309999999891e+00 1.040713548660278320e+00
2.353652499999999925e+00 2.433718681335449219e+00
1.028537990000000013e+00 1.032360196113586426e+00
1.577444600000000197e+00 1.578235387802124023e+00
1.785031849999999976e+00 1.792629361152648926e+00
2.047182999999999975e+00 2.042476177215576172e+00
1.081767289999999937e+00 1.081742405891418457e+00
2.029136233000000011e+00 2.021521806716918945e+00
1.943250800000000167e+00 1.926827073097229004e+00
1.030850550000000032e+00 1.030973792076110840e+00
1.822217499999999824e+00 1.816585540771484375e+00
1.332289999999999974e+00 1.337745189666748047e+00
2.001456999999999820e+00 1.998449802398681641e+00
2.101799999999999891e+00 2.093382835388183594e+00
1.880511066999999814e+00 1.895786285400390625e+00
4.816014000000000905e+00 4.811211109161376953e+00
1.880511066999999814e+00 1.887624740600585938e+00
1.020086789999999910e+00 1.019977927207946777e+00
2.947785333000000119e+00 2.976877689361572266e+00
1.833528000000000091e+01 1.836157035827636719e+01
1.030850590000000011e+00 1.030818819999694824e+00
1.699847399999999897e+00 1.703904271125793457e+00
1.030848940000000047e+00 1.031158447265625000e+00
1.156413899999999995e+00 1.158200860023498535e+00
1.822217499999999824e+00 1.816585302352905273e+00
1.173410700000000029e+00 1.171336770057678223e+00
4.881149999999998990e+00 4.843487739562988281e+00
3.285840999999999923e+01 3.273391723632812500e+01
1.577358899999999897e+00 1.570918798446655273e+00
1.576955399999999896e+00 1.577528834342956543e+00
1.081759480000000107e+00 1.080657124519348145e+00
1.327215999999999951e+00 1.332183599472045898e+00
1.523612999999999573e+01 1.514547252655029297e+01
1.040435060000000078e+00 1.040283441543579102e+00
1.020086789999999910e+00 1.020092487335205078e+00
1.699847499999999956e+00 1.703794717788696289e+00
2.935321999999999321e+01 2.923085594177246094e+01
5.779687999999999271e+00 5.774943351745605469e+00
1.211657699999999949e+00 1.210138320922851562e+00
1.010028289999999940e+00 1.009857416152954102e+00
1.105024999999999924e+00 1.104503631591796875e+00
1.027150189999999963e+00 1.028333425521850586e+00
1.145482100000000170e+00 1.148370146751403809e+00
1.577477600000000146e+00 1.578044652938842773e+00
2.005759999999999987e+00 1.999953389167785645e+00
2.453920000000000101e+01 2.443529891967773438e+01
2.469153999999999982e+01 2.456115531921386719e+01
2.080766000000000115e+00 2.079374551773071289e+00
2.108967999999999954e+00 2.117553949356079102e+00
2.000675000000000203e+00 2.003597497940063477e+00
1.212365399999999926e+00 1.207941055297851562e+00
1.105156199999999922e+00 1.105070948600769043e+00
1.030219250000000031e+00 1.030774712562561035e+00
3.160035999999999135e+01 3.181470108032226562e+01
1.080676399999999981e+00 1.078830242156982422e+00
1.941467566999999894e+00 1.938212394714355469e+00
5.327760999999999747e+00 5.439463615417480469e+00
1.576955399999999896e+00 1.570287823677062988e+00
5.771182999999999730e+00 5.666348457336425781e+00
2.315348999999999435e+01 2.300009536743164062e+01
1.212366300000000008e+00 1.209140896797180176e+00
3.277973000000000070e+01 3.283780288696289062e+01
1.327216900000000033e+00 1.327014327049255371e+00
1.577477600000000146e+00 1.577878475189208984e+00
1.050641949999999936e+00 1.049983978271484375e+00
2.895049499999999831e+00 2.911395072937011719e+00
2.831007000000000051e+00 2.835839986801147461e+00
1.102788300000000055e+00 1.103983521461486816e+00
1.920036100000000134e+00 1.885106325149536133e+00
4.511775667000000212e+00 4.527283668518066406e+00
1.027149699999999832e+00 1.028339028358459473e+00
3.291209999999999525e+01 3.292749404907226562e+01
3.296072000000000912e+01 3.294795608520507812e+01
1.010028289999999940e+00 1.010567307472229004e+00
2.060321700000000256e+00 2.064679861068725586e+00
1.725497999999999976e+01 1.735781478881835938e+01
1.156412100000000054e+00 1.157958388328552246e+00
5.773310999999999638e+00 5.755681037902832031e+00
1.452060450000000058e+00 1.444811940193176270e+00
1.295858000000000132e+01 1.286684036254882812e+01
1.697239100000000001e+00 1.703567504882812500e+00
1.330544399999999960e+00 1.342494249343872070e+00
3.258691999999999922e+01 3.264994049072265625e+01
5.746633332999999233e+00 5.766322612762451172e+00
5.687939000000000078e+00 5.711653232574462891e+00
1.038425599999999882e+01 1.033913707733154297e+01
1.010028289999999940e+00 1.010513663291931152e+00
1.030239670000000052e+00 1.029717683792114258e+00
1.040459709999999927e+00 1.041001558303833008e+00
1.473857500000000043e+00 1.484000086784362793e+00
1.030850609999999890e+00 1.030650138854980469e+00
2.001250999999999891e+00 2.002184629440307617e+00
2.001784199999999903e+00 2.009118318557739258e+00
3.260546000000000788e+01 3.267336654663085938e+01
7.601446000000001924e+00 7.607055664062500000e+00
1.057989500000000138e+00 1.058495759963989258e+00
1.020086789999999910e+00 1.020251393318176270e+00
1.050642850000000017e+00 1.050151348114013672e+00
1.880511066999999814e+00 1.892196297645568848e+00
5.089228999999999559e+00 5.229907512664794922e+00
9.982601499999999461e+00 1.007205963134765625e+01
1.242782000000000231e+01 1.242283248901367188e+01
5.268963499999999911e+00 5.392935752868652344e+00
2.113558000000000270e+00 2.111864566802978516e+00
1.577477499999999866e+00 1.575654506683349609e+00
1.822217499999999824e+00 1.816547513008117676e+00
1.020086810000000010e+00 1.020161986351013184e+00
2.895706999999999809e+00 2.855813264846801758e+00
1.080066500000000040e+01 1.083001041412353516e+01
3.275299999999999656e+00 3.299799680709838867e+00
1.050641949999999936e+00 1.049950242042541504e+00
1.010025420000000063e+00 1.010116219520568848e+00
1.843825000000000047e+00 1.857300162315368652e+00
1.102764300000000031e+00 1.103677511215209961e+00
4.549961999999999840e+00 4.553185462951660156e+00
1.010310239999999915e+00 1.008901715278625488e+00
1.820766600000000013e+00 1.814755082130432129e+00
1.265328800000000031e+00 1.267377972602844238e+00
3.192539999999999267e+01 3.193333053588867188e+01
1.463143999999999778e+01 1.467729473114013672e+01
1.145665800000000178e+00 1.147341966629028320e+00
2.000000000000000000e+00 1.994690418243408203e+00
1.050641949999999936e+00 1.050053358078002930e+00
1.027150170000000085e+00 1.028850078582763672e+00
2.426830999999999605e+01 2.433500480651855469e+01
5.421305000000001151e+00 5.407322406768798828e+00
2.850220999999999894e+00 2.855442047119140625e+00
1.075550470000000036e+00 1.072521924972534180e+00
1.327165499999999998e+00 1.328096389770507812e+00
1.332268899999999867e+00 1.337083220481872559e+00
1.042866180000000087e+00 1.042654633522033691e+00
1.010025420000000063e+00 1.010068178176879883e+00
1.102764500000000147e+00 1.103205680847167969e+00
1.211650600000000022e+00 1.209083437919616699e+00
7.592473000000000916e+00 7.559556961059570312e+00
2.001456999999999820e+00 1.998434305191040039e+00
1.057990109999999984e+00 1.058761119842529297e+00
5.622935000000000016e+00 5.591600894927978516e+00
1.042870650000000010e+00 1.042957544326782227e+00
3.257173999999999836e+01 3.266101837158203125e+01
2.761655666999999426e+01 2.784933280944824219e+01
1.776049000000000211e+00 1.783182740211486816e+00
3.075508999999999826e+00 3.068715095520019531e+00
1.024972132999999808e+01 1.026496982574462891e+01
1.822217299999999929e+00 1.816393375396728516e+00
1.241971100000000217e+00 1.252390742301940918e+00
5.712534999999999918e+00 5.756829261779785156e+00
1.427124999999999666e+01 1.409848785400390625e+01
1.020193630000000073e+00 1.019545435905456543e+00
1.081759480000000107e+00 1.080517649650573730e+00
1.820766600000000013e+00 1.814793467521667480e+00
1.591239999999999988e+00 1.604657053947448730e+00
9.491806000000000409e+00 9.495441436767578125e+00
2.000000000000000000e+00 1.996312499046325684e+00
3.149490000000000478e+01 3.176252174377441406e+01
1.102788300000000055e+00 1.103549361228942871e+00
1.102788300000000055e+00 1.104117393493652344e+00
9.247183999999998960e+00 9.169210433959960938e+00
3.245322999999999958e+00 3.251029729843139648e+00
1.332289999999999974e+00 1.337745070457458496e+00
1.479551250000000095e+00 1.478979706764221191e+00
2.062162999999999968e+00 2.057709693908691406e+00
1.030850309999999936e+00 1.031109452247619629e+00
2.000000000000000000e+00 1.996312260627746582e+00
1.010028289999999940e+00 1.010159015655517578e+00
1.156413899999999995e+00 1.157825827598571777e+00
5.729585000000000150e+00 5.756660938262939453e+00
1.082546419999999898e+00 1.082639455795288086e+00
1.437476999999999983e+01 1.433624744415283203e+01
1.995471600000000123e+00 2.005115270614624023e+00
1.042870989999999942e+00 1.042988657951354980e+00
2.000015000000000320e+00 1.994724631309509277e+00
1.576955399999999896e+00 1.576628804206848145e+00
1.010310279999999894e+00 1.008063554763793945e+00
1.941710499999999895e+00 1.942083001136779785e+00
1.102764300000000031e+00 1.103614807128906250e+00
1.040435060000000078e+00 1.040599107742309570e+00
1.702871400000000035e+00 1.700069427490234375e+00
1.040435060000000078e+00 1.040393590927124023e+00
1.698860999999999954e+00 1.702433228492736816e+00
1.277907800000000149e+00 1.277424812316894531e+00
1.452060450000000058e+00 1.449679493904113770e+00
1.940255533000000199e+00 1.940010309219360352e+00
3.183315999999998880e+01 3.162890625000000000e+01
1.941710499999999895e+00 1.942086577415466309e+00
1.040459709999999927e+00 1.040138602256774902e+00
1.040435079999999957e+00 1.040620446205139160e+00
1.849733100000000130e+00 1.816203713417053223e+00
1.452060450000000058e+00 1.450891852378845215e+00
1.698860999999999954e+00 1.702591657638549805e+00
1.040435309999999891e+00 1.040642976760864258e+00
1.075618009999999902e+00 1.073728799819946289e+00
1.768023850000000063e+00 1.762549996376037598e+00
1.183338000000000179e+01 1.228807163238525391e+01
5.779687999999999271e+00 5.774409294128417969e+00
1.268745100000000070e+00 1.269522190093994141e+00
1.102764500000000147e+00 1.103624582290649414e+00
4.346443999999999974e+00 4.286075592041015625e+00
1.081759399999999927e+00 1.080507278442382812e+00
1.030219250000000031e+00 1.030848860740661621e+00
1.173234000000000110e+00 1.170519351959228516e+00
1.082546519999999957e+00 1.082754254341125488e+00
5.746633332999999233e+00 5.765650749206542969e+00
3.319300999999999835e+00 3.297424793243408203e+00
1.040435060000000078e+00 1.040617942810058594e+00
2.741694999999999993e+01 2.757459068298339844e+01
1.698860999999999954e+00 1.712684988975524902e+00
1.577477600000000146e+00 1.578035473823547363e+00
1.452060450000000058e+00 1.446658611297607422e+00
1.212366300000000008e+00 1.207819461822509766e+00
1.102764300000000031e+00 1.103052020072937012e+00
3.931166999999999945e+01 3.932024002075195312e+01
2.338386999999999993e+00 2.340468168258666992e+00
1.081759480000000107e+00 1.080517649650573730e+00
2.001456999999999820e+00 1.998438954353332520e+00
3.075727999999999795e+00 3.078799009323120117e+00
1.010025420000000063e+00 1.010027170181274414e+00
2.621404000000000067e+00 2.625449657440185547e+00
1.452060450000000058e+00 1.447580456733703613e+00
1.081767289999999937e+00 1.081199049949645996e+00
2.001456999999999820e+00 1.998176932334899902e+00
3.306018999999999863e+01 3.274209213256835938e+01
4.124822333000000008e+00 4.126513957977294922e+00
3.683710000000000484e+00 3.667570829391479492e+00
1.211650600000000022e+00 1.210000395774841309e+00
6.805741000000000263e+00 6.730285644531250000e+00
1.050731859999999962e+00 1.050297141075134277e+00
6.225933999999999635e+00 6.510059833526611328e+00
1.327216900000000033e+00 1.327328205108642578e+00
1.614962500000000079e+00 1.611720085144042969e+00
1.902906699999999951e+00 1.877559900283813477e+00
1.081759480000000107e+00 1.081226944923400879e+00
3.258859999999999246e+01 3.267199325561523438e+01
9.967610000000000525e+00 9.973972320556640625e+00
1.698609000000000036e+00 1.701388001441955566e+00
1.334669399999999895e+00 1.334644913673400879e+00
5.727433667000001449e+00 5.737694263458251953e+00
1.858115300000000136e+00 1.850580930709838867e+00
1.010028289999999940e+00 1.010564208030700684e+00
1.268689399999999745e+00 1.267834663391113281e+00
1.057983139999999933e+00 1.057856559753417969e+00
1.832604999999999507e+01 1.854355621337890625e+01
2.191905999999999821e+01 2.196697044372558594e+01
1.936428400000000050e+00 1.926203012466430664e+00
1.211650600000000022e+00 1.210153102874755859e+00
4.446851000000001441e+00 4.298358440399169922e+00
1.030219250000000031e+00 1.030590772628784180e+00
1.040435060000000078e+00 1.040257692337036133e+00
2.818074999999999619e+01 2.825847625732421875e+01
1.010025420000000063e+00 1.010124921798706055e+00
1.211657699999999949e+00 1.210136890411376953e+00
2.150875000000000092e+00 2.151123285293579102e+00
7.603211000000000830e+00 7.617965221405029297e+00
2.588268000000000235e+00 2.612602233886718750e+00
1.156412100000000054e+00 1.158206343650817871e+00
1.212317899999999726e+00 1.209841609001159668e+00
5.505838000000000676e+00 5.502101421356201172e+00
5.337132499999999169e+00 5.271027565002441406e+00
1.837434000000000012e+01 1.842785453796386719e+01
1.030850629999999990e+00 1.030322432518005371e+00
1.010025420000000063e+00 1.009807229042053223e+00
3.744105999999999934e+00 3.773991107940673828e+00
1.010310279999999894e+00 1.008840322494506836e+00
1.327216900000000033e+00 1.328238725662231445e+00
1.050641939999999996e+00 1.049979329109191895e+00
1.332289999999999974e+00 1.337703704833984375e+00
5.730105999999999256e+00 5.752700805664062500e+00
1.081767289999999937e+00 1.081424474716186523e+00
1.365626999999999747e+01 1.369357395172119141e+01
2.319547000000000025e+01 2.315930175781250000e+01
5.777708000000000510e+00 5.776259422302246094e+00
1.040435060000000078e+00 1.040398359298706055e+00
1.145624100000000256e+00 1.149448156356811523e+00
1.940255533000000199e+00 1.941819310188293457e+00
1.020193630000000073e+00 1.019545078277587891e+00
1.050642840000000078e+00 1.050498127937316895e+00
1.010025420000000063e+00 1.010124921798706055e+00
1.156412100000000054e+00 1.158206462860107422e+00
3.292984000000001288e+01 3.296072769165039062e+01
3.291443332999999427e+01 3.296897888183593750e+01
2.190209999999999724e+01 2.187141609191894531e+01
1.141644300000000056e+00 1.137037634849548340e+00
3.135490000000000776e+01 3.132015991210937500e+01
1.081767289999999937e+00 1.081638574600219727e+00
2.001456999999999820e+00 1.992784857749938965e+00
1.033406199999999764e+01 1.030439567565917969e+01
1.080674219999999908e+00 1.081975817680358887e+00
1.810561667000000341e+01 1.812573623657226562e+01
4.219460999999999906e+00 4.234666347503662109e+00
1.266938100000000178e+00 1.267154932022094727e+00
2.011797000000000057e+00 2.021741151809692383e+00
1.242544199999999988e+00 1.231660485267639160e+00
1.452060450000000058e+00 1.450838088989257812e+00
1.020193630000000073e+00 1.019545316696166992e+00
1.784994399999999981e+00 1.792810678482055664e+00
1.211650600000000022e+00 1.209610939025878906e+00
1.266931999999999947e+00 1.268620491027832031e+00
6.585052000000000127e+00 6.555939674377441406e+00
1.332289800000000080e+00 1.336999416351318359e+00
3.135773999999999617e+01 3.122079086303710938e+01
3.294759332999999657e+01 3.295622253417968750e+01
1.102764500000000147e+00 1.103721022605895996e+00
1.824403000000000219e+01 1.821003913879394531e+01
2.321123000000000047e+00 2.331943988800048828e+00
1.698860999999999954e+00 1.705080747604370117e+00
1.081767289999999937e+00 1.081896305084228516e+00
6.736007000000001632e+00 6.797555446624755859e+00
1.010025420000000063e+00 1.010093331336975098e+00
4.255925000000000402e+00 4.373017787933349609e+00
1.020086810000000010e+00 1.020011901855468750e+00
1.081759399999999927e+00 1.080506682395935059e+00
2.001409466999999776e+00 2.007727622985839844e+00
1.030219170000000073e+00 1.030758500099182129e+00
1.820766600000000013e+00 1.814791083335876465e+00
1.020086789999999910e+00 1.019711017608642578e+00
3.060135999999999612e+01 3.068405342102050781e+01
7.264391000000001597e+00 7.351068496704101562e+00
1.020086789999999910e+00 1.019755363464355469e+00
1.211650600000000022e+00 1.209028720855712891e+00
1.030219170000000073e+00 1.030758023262023926e+00
1.030219250000000031e+00 1.030864834785461426e+00
2.892222000000000293e+00 2.846287012100219727e+00
1.966021466999999801e+00 1.960484147071838379e+00
3.011636999999999897e+00 3.048218965530395508e+00
3.079666999999999710e+00 3.046837806701660156e+00
1.452347250000000090e+00 1.451332807540893555e+00
1.020086810000000010e+00 1.020162820816040039e+00
5.674012000000001166e+00 5.577563285827636719e+00
1.020086789999999910e+00 1.019904613494873047e+00
4.078909999999999592e+00 4.082035064697265625e+00
1.010025420000000063e+00 1.010124206542968750e+00
2.965723000000000198e+01 2.883260726928710938e+01
1.327165499999999998e+00 1.328094363212585449e+00
2.495675000000000310e+01 2.491780471801757812e+01
1.211657699999999949e+00 1.210408449172973633e+00
1.102764300000000031e+00 1.103194713592529297e+00
1.019986000000000104e+01 1.009870719909667969e+01
2.850378000000000078e+00 2.855475187301635742e+00
1.699629799999999857e+00 1.702291846275329590e+00
1.020086789999999910e+00 1.020194768905639648e+00
5.208260667000000232e+00 5.169818401336669922e+00
1.050642850000000017e+00 1.050151824951171875e+00
2.428282499999999899e+01 2.442859840393066406e+01
1.172667899999999763e+00 1.171011209487915039e+00
2.451633499999999799e+00 2.509036302566528320e+00
1.050641939999999996e+00 1.049937248229980469e+00
1.327216900000000033e+00 1.328125000000000000e+00
1.050641939999999996e+00 1.049937367439270020e+00
3.245136999999999716e+00 3.196029901504516602e+00
1.102764300000000031e+00 1.103788256645202637e+00
1.050641939999999996e+00 1.049937963485717773e+00
1.050641939999999996e+00 1.050129652023315430e+00
1.628884699999999963e+00 1.631657600402832031e+00
1.050642850000000017e+00 1.050289511680603027e+00
1.040435060000000078e+00 1.040460348129272461e+00
1.402342000000000333e+01 1.404909038543701172e+01
5.744520667000000635e+00 5.767972469329833984e+00
5.603971999999999731e+00 5.612283706665039062e+00
1.050642840000000078e+00 1.050518631935119629e+00
2.463984999999999648e+00 2.466403961181640625e+00
1.030239670000000052e+00 1.029990196228027344e+00
1.840946000000000282e+01 1.840363311767578125e+01
1.327165499999999998e+00 1.328045964241027832e+00
7.915567999999999493e+00 7.878046035766601562e+00
1.020193630000000073e+00 1.019801855087280273e+00
1.050641949999999936e+00 1.050127744674682617e+00
3.732988999999999891e+01 3.730585479736328125e+01
3.026284999999999670e+00 3.109638214111328125e+00
2.000000000000000000e+00 1.996297597885131836e+00
3.926115500000000313e+00 3.986888647079467773e+00
1.327216900000000033e+00 1.327956914901733398e+00
1.698860999999999954e+00 1.702563285827636719e+00
2.935231999999999530e+01 2.940821456909179688e+01
1.820766600000000013e+00 1.816790342330932617e+00
1.379893999999999998e+01 1.377309036254882812e+01
1.463143999999999778e+01 1.467860794067382812e+01
1.758943999999999974e+01 1.757598876953125000e+01
1.042870849999999905e+00 1.042983412742614746e+00
2.117865999999999804e+00 2.119770288467407227e+00
1.042870799999999987e+00 1.042963147163391113e+00
1.145665800000000178e+00 1.147347807884216309e+00
1.461538999999999788e+01 1.464678764343261719e+01
1.050731859999999962e+00 1.050249457359313965e+00
6.216244999999999798e+00 6.236346244812011719e+00
1.858115300000000136e+00 1.850628852844238281e+00
2.033749999999999947e+00 2.029481887817382812e+00
4.666375000000000384e+00 4.618798732757568359e+00
4.296809999999999796e+00 4.311239242553710938e+00
1.698860999999999954e+00 1.702593326568603516e+00
1.020086800000000071e+00 1.020249605178833008e+00
1.576955399999999896e+00 1.575116634368896484e+00
1.856901499999999983e+00 1.865274071693420410e+00
1.831681999999999988e+01 1.849249076843261719e+01
4.366323000000000398e+00 4.378671169281005859e+00
3.028251999999999811e+01 3.011965560913085938e+01
1.820766600000000013e+00 1.807636976242065430e+00
1.010025420000000063e+00 1.009915351867675781e+00
1.145662999999999876e+00 1.147442698478698730e+00
1.145662999999999876e+00 1.147341966629028320e+00
6.561956999999999596e+00 6.524815082550048828e+00
1.452346800000000160e+00 1.448071241378784180e+00
1.941710466999999829e+00 1.941036224365234375e+00
2.850378000000000078e+00 2.855475664138793945e+00
4.982841999999999771e+00 4.879910945892333984e+00
1.040435060000000078e+00 1.040617942810058594e+00
1.028533020000000020e+00 1.031772255897521973e+00
2.816706999999999539e+01 2.857321357727050781e+01
1.212357600000000035e+00 1.208928108215332031e+00
3.257089999999999463e+01 3.261459732055664062e+01
1.030850629999999990e+00 1.030322551727294922e+00
1.030239670000000052e+00 1.030755758285522461e+00
1.684165799999999935e+00 1.692033171653747559e+00
5.426930000000000476e+00 5.323754787445068359e+00
4.884338999999998876e+00 4.848354816436767578e+00
1.040435079999999957e+00 1.040620684623718262e+00
3.482306000000000346e+00 3.501221179962158203e+00
1.050641939999999996e+00 1.050134897232055664e+00
1.211650600000000022e+00 1.210127353668212891e+00
2.000000000000000000e+00 1.996042370796203613e+00
4.437441000000000635e+00 4.444779396057128906e+00
1.102764300000000031e+00 1.103050470352172852e+00
1.020086810000000010e+00 1.019804716110229492e+00
1.941595733000000212e+00 1.952337384223937988e+00
1.577473600000000031e+00 1.582518100738525391e+00
1.010028289999999940e+00 1.009782552719116211e+00
3.306284000000000134e+01 3.316827392578125000e+01
5.748442000000000718e+00 5.652069091796875000e+00
1.335995400000000055e+00 1.340444087982177734e+00
1.332289999999999974e+00 1.337743043899536133e+00
2.001456999999999820e+00 1.998449683189392090e+00
5.589477667000000594e+00 5.567634582519531250e+00
1.020088429999999935e+00 1.020259857177734375e+00
1.030219250000000031e+00 1.030127882957458496e+00
1.268745100000000070e+00 1.269518256187438965e+00
1.050731789999999943e+00 1.051040291786193848e+00
8.032405000000000683e+00 8.108659744262695312e+00
1.020086789999999910e+00 1.019979000091552734e+00
4.886172499999999808e+00 4.869972229003906250e+00
5.763160667000000181e+00 5.772729396820068359e+00
1.266933000000000087e+00 1.267433524131774902e+00
3.245416000000000523e+00 3.265837430953979492e+00
1.020086789999999910e+00 1.020251750946044922e+00
1.010025420000000063e+00 1.010122060775756836e+00
1.452347250000000090e+00 1.451384425163269043e+00
5.169186332999999856e+00 5.140988349914550781e+00
1.144930600000000132e+00 1.145064592361450195e+00
3.292694000000000898e+01 3.294535064697265625e+01
1.452347250000000090e+00 1.451062917709350586e+00
1.040435060000000078e+00 1.040544748306274414e+00
1.940255533000000199e+00 1.940013289451599121e+00
2.753340999999999639e+01 2.789555931091308594e+01
1.699841450000000087e+00 1.708176732063293457e+00
3.289240999999999104e+01 3.293635559082031250e+01
1.040435309999999891e+00 1.040575146675109863e+00
1.102764300000000031e+00 1.103050470352172852e+00
3.302446000000000481e+01 3.275932693481445312e+01
4.123362000000000194e+00 4.123785495758056641e+00
1.698860999999999954e+00 1.701433062553405762e+00
2.925886000000000209e+00 2.853675365447998047e+00
1.010025420000000063e+00 1.010125160217285156e+00
1.880511066999999814e+00 1.881488204002380371e+00
1.327216900000000033e+00 1.328188300132751465e+00
2.834829000000000043e+00 2.835884809494018555e+00
1.050642850000000017e+00 1.050151348114013672e+00
1.030227419999999894e+00 1.030273079872131348e+00
2.738388999999999740e+00 2.749554395675659180e+00
2.308705999999999925e+00 2.305344581604003906e+00
2.425880999999999688e+01 2.439013290405273438e+01
1.266548699999999972e+00 1.271676540374755859e+00
2.000015000000000320e+00 1.996346950531005859e+00
1.042870769999999947e+00 1.042960166931152344e+00
1.820766600000000013e+00 1.818313121795654297e+00
1.102764500000000147e+00 1.103441357612609863e+00
1.805845332999999542e+01 1.809002304077148438e+01
1.156586800000000137e+00 1.157451748847961426e+00
1.763285000000000124e+01 1.758361816406250000e+01
1.785031650000000081e+00 1.792632341384887695e+00
1.616011600000000215e+00 1.614406108856201172e+00
7.349711000000000105e+00 7.348389625549316406e+00
1.245899000000000001e+01 1.248909664154052734e+01
1.020193480000000097e+00 1.019614219665527344e+00
1.622361000000000164e+00 1.615842580795288086e+00
1.105157100000000225e+00 1.105837702751159668e+00
1.102764500000000147e+00 1.103762626647949219e+00
1.880511066999999814e+00 1.888238549232482910e+00
3.134778000000000731e+01 3.145288658142089844e+01
1.851813999999999893e+01 1.858450317382812500e+01
1.081759480000000107e+00 1.080518603324890137e+00
2.778284999999999627e+01 2.788359260559082031e+01
1.020086810000000010e+00 1.019913434982299805e+00
1.010025420000000063e+00 1.010026574134826660e+00
3.054962000000000444e+01 3.027107429504394531e+01
1.050641949999999936e+00 1.050136446952819824e+00
1.050642850000000017e+00 1.050161004066467285e+00
1.396062999999999832e+01 1.400098800659179688e+01
1.040435060000000078e+00 1.040614247322082520e+00
8.330292000000000030e+00 8.311313629150390625e+00
2.001784199999999903e+00 2.009114503860473633e+00
1.452060450000000058e+00 1.450888514518737793e+00
5.775435500000000388e+00 5.754679679870605469e+00
1.327165499999999998e+00 1.328093528747558594e+00
1.156586800000000137e+00 1.157144427299499512e+00
2.295415499999999831e+00 2.313043355941772461e+00
1.261742600000000047e+00 1.259984254837036133e+00
1.082544390000000023e+00 1.082620859146118164e+00
2.001786399999999855e+00 2.009127855300903320e+00
2.117795999999999790e+00 2.122129440307617188e+00
1.881963933000000200e+00 1.889595508575439453e+00
2.184767000000000081e+01 2.181653404235839844e+01
3.298890000000000100e+01 3.299427413940429688e+01
1.156412100000000054e+00 1.157739281654357910e+00
1.040435060000000078e+00 1.040618181228637695e+00
