1.000000000000000000e+00 9.997728466987609863e-01
1.000014999999999876e+00 9.998053908348083496e-01
1.000364999999999949e+00 9.999343156814575195e-01
1.001457000000000042e+00 1.001787543296813965e+00
1.005784000000000011e+00 1.004029393196105957e+00
1.012850000000000028e+00 1.014059782028198242e+00
1.022452000000000139e+00 1.023205757141113281e+00
1.034335000000000004e+00 1.033878326416015625e+00
1.048212999999999839e+00 1.047037959098815918e+00
1.063787000000000038e+00 1.062495827674865723e+00
1.080765999999999893e+00 1.079752683639526367e+00
1.098875999999999964e+00 1.098323225975036621e+00
1.117866000000000026e+00 1.117807388305664062e+00
1.157642999999999978e+00 1.158359766006469727e+00
1.219363999999999892e+00 1.220430254936218262e+00
1.321123000000000047e+00 1.321342229843139648e+00
1.504528000000000088e+00 1.502630114555358887e+00
1.789200999999999819e+00 1.787333846092224121e+00
2.001615000000000144e+00 2.001293897628784180e+00
2.245416000000000079e+00 2.246251106262207031e+00
2.780533000000000143e+00 2.780099153518676758e+00
3.143079999999999874e+00 3.140839099884033203e+00
4.522562999999999889e+00 4.519490718841552734e+00
6.264391000000001597e+00 6.265330314636230469e+00
8.830655000000000143e+00 8.829613685607910156e+00
1.195857999999999954e+01 1.194587707519531250e+01
1.655186000000000135e+01 1.653204536437988281e+01
2.215348999999999435e+01 2.215617370605468750e+01
3.035774000000001038e+01 3.037500762939453125e+01
3.632988999999999180e+01 3.627470779418945312e+01
3.033334999999999670e+00 3.033802747726440430e+00
3.078910000000000036e+00 3.077886819839477539e+00
3.115168999999999855e+00 3.113164901733398438e+00
3.171642999999999990e+00 3.171002388000488281e+00
3.219460999999999462e+00 3.219239234924316406e+00
3.281260000000000066e+00 3.280957221984863281e+00
3.366323000000000842e+00 3.366154670715332031e+00
3.437441000000000191e+00 3.436870336532592773e+00
3.549962000000000284e+00 3.550034999847412109e+00
3.709964999999999957e+00 3.708025932312011719e+00
3.816014000000000017e+00 3.814612388610839844e+00
3.928350000000000009e+00 3.924787521362304688e+00
4.044919999999999405e+00 4.045514583587646484e+00
4.130112000000000450e+00 4.130523681640625000e+00
4.257980999999999128e+00 4.254288673400878906e+00
4.421304999999999374e+00 4.416424751281738281e+00
4.603972000000000619e+00 4.599868297576904297e+00
4.687939000000000078e+00 4.687937736511230469e+00
4.710727000000000331e+00 4.708164215087890625e+00
4.722841999999999985e+00 4.720396995544433594e+00
4.727926999999999325e+00 4.727631568908691406e+00
4.729585000000000150e+00 4.728964805603027344e+00
4.730106000000000144e+00 4.727621078491210938e+00
4.730112999999999346e+00 4.727425575256347656e+00
